# blastp
# Iteration: 0
# Query: KAE8371401.1 trypsin-like cysteine/serine peptidase domain-containing protein [Aspergillus bertholletius]
# RID: 7SXE6CFV014
# Database: nr_v5
# Fields: query acc.ver, subject acc.ver, % identity, alignment length, mismatches, gap opens, q. start, q. end, s. start, s. end, evalue, bit score, % positives
# 716 hits found
KAE8371401.1	KAE8371401.1	100.000	253	0	0	1	253	1	253	0.0	516	100.00
KAE8371401.1	XP_031924425.1	71.255	247	71	0	1	247	1	247	1.49e-128	370	82.19
KAE8371401.1	XP_031940570.1	66.397	247	83	0	1	247	1	247	4.24e-118	344	79.35
KAE8371401.1	KAB8261773.1	65.992	247	84	0	1	247	1	247	3.95e-117	342	78.95
KAE8371401.1	XP_022392557.1	64.372	247	69	1	1	247	1	228	2.95e-110	323	75.30
KAE8371401.1	OQD81666.1	61.694	248	95	0	1	248	1	248	7.43e-105	310	73.79
KAE8371401.1	GES63448.1	39.301	229	135	3	19	247	15	239	7.16e-51	173	58.08
KAE8371401.1	XP_001214927.1	39.301	229	135	3	19	247	15	239	1.70e-50	172	58.52
KAE8371401.1	OQD86157.1	38.596	228	132	3	17	236	44	271	2.66e-43	155	55.70
KAE8371401.1	XP_002375911.1	39.130	230	129	5	22	249	18	238	2.87e-42	150	55.22
KAE8371401.1	OQD72420.1	40.000	230	127	5	22	249	18	238	4.01e-42	150	56.52
KAE8371401.1	ADY16698.1	35.537	242	151	4	8	247	26	264	8.91e-42	150	55.79
KAE8371401.1	RAQ74884.1	38.696	230	130	5	22	249	18	238	2.15e-41	148	54.78
KAE8371401.1	XP_014534992.1	36.797	231	141	4	19	247	20	247	5.46e-41	148	56.28
KAE8371401.1	KAB8271048.1	38.976	254	143	8	1	248	1	248	6.01e-41	147	55.51
KAE8371401.1	KAE8331507.1	36.782	261	142	8	1	248	1	251	1.72e-39	144	51.72
KAE8371401.1	XP_022493698.1	35.622	233	145	4	17	247	18	247	3.40e-39	143	55.36
KAE8371401.1	OQD96670.1	36.653	251	144	6	1	249	1	238	7.25e-39	142	53.39
KAE8371401.1	KAF3006058.1	38.350	206	114	4	23	220	31	231	7.83e-36	134	54.85
KAE8371401.1	OAL44087.1	36.170	235	137	5	20	249	33	259	6.53e-35	132	54.04
KAE8371401.1	XP_022400328.1	39.720	214	106	6	39	247	1	196	1.56e-34	129	54.21
KAE8371401.1	OAL00354.1	34.632	231	139	4	24	249	37	260	8.35e-34	129	53.68
KAE8371401.1	KAF2998588.1	35.217	230	137	4	24	248	27	249	1.17e-33	129	53.04
KAE8371401.1	OSS47322.1	34.524	252	143	6	13	249	7	251	2.82e-33	128	52.38
KAE8371401.1	KAF2662081.1	35.102	245	142	6	1	236	3	239	7.11e-33	127	51.43
KAE8371401.1	KFY04242.1	34.599	237	148	5	15	247	14	247	5.14e-32	124	54.01
KAE8371401.1	XP_028511127.1	34.632	231	139	5	24	249	42	265	9.27e-32	124	53.68
KAE8371401.1	KAF2847525.1	33.913	230	140	4	24	248	40	262	9.43e-32	124	51.74
KAE8371401.1	KAF1957862.1	36.058	208	124	3	24	226	29	232	1.12e-31	124	52.88
KAE8371401.1	RYN64322.1	34.632	231	139	5	24	249	42	265	1.12e-31	124	53.68
KAE8371401.1	XP_018386207.1	34.632	231	139	5	24	249	42	265	1.15e-31	124	53.68
KAE8371401.1	RII05464.1	34.632	231	139	5	24	249	42	265	1.17e-31	124	53.68
KAE8371401.1	KAF2119062.1	35.498	231	135	5	24	249	30	251	1.31e-31	123	51.95
KAE8371401.1	XP_659970.1	35.443	237	134	6	22	250	21	246	1.54e-31	123	48.95
KAE8371401.1	XP_026603610.1	34.894	235	134	7	24	250	166	389	2.44e-31	126	51.49
KAE8371401.1	OSS52177.1	36.893	206	117	4	21	218	30	230	2.48e-31	123	53.88
KAE8371401.1	KAF1925973.1	32.530	249	148	5	13	248	2	243	2.62e-31	122	53.41
KAE8371401.1	PWN53406.1	36.742	264	141	13	1	249	30	282	3.50e-31	123	52.65
KAE8371401.1	KAF3042682.1	34.783	230	137	5	24	248	27	248	4.24e-31	122	53.48
KAE8371401.1	KAF2271136.1	36.967	211	117	5	24	226	29	231	1.05e-30	121	52.61
KAE8371401.1	KAF2867076.1	34.052	232	139	6	24	249	27	250	1.17e-30	121	53.02
KAE8371401.1	KAF2130696.1	32.479	234	140	6	22	247	32	255	2.19e-30	120	53.85
KAE8371401.1	KAF3039650.1	33.600	250	144	6	13	248	7	248	2.42e-30	120	51.60
KAE8371401.1	KAF1359111.1	35.193	233	132	6	24	248	17	238	3.13e-30	119	52.36
KAE8371401.1	KKY36680.1	34.906	212	128	3	20	226	45	251	5.42e-30	120	52.83
KAE8371401.1	XP_001796366.1	34.450	209	127	4	24	226	36	240	5.98e-30	119	52.63
KAE8371401.1	KAF2622929.1	34.615	234	133	7	24	248	17	239	1.76e-29	117	52.14
KAE8371401.1	KZM26923.1	34.052	232	139	6	24	249	27	250	3.78e-29	117	53.02
KAE8371401.1	KAF2024016.1	35.577	208	125	3	24	226	40	243	4.16e-29	117	53.37
KAE8371401.1	KNG51985.1	35.023	217	120	6	15	220	28	234	8.05e-29	116	52.53
KAE8371401.1	KAF1832667.1	35.047	214	125	5	15	220	28	235	1.05e-28	116	51.40
KAE8371401.1	KAF2153260.1	34.468	235	141	6	20	248	24	251	1.29e-28	115	51.49
KAE8371401.1	EHK98516.1	34.199	231	139	5	24	248	43	266	1.58e-28	116	51.95
KAE8371401.1	XP_008084549.1	34.199	231	139	5	24	248	53	276	1.65e-28	116	51.95
KAE8371401.1	XP_025441762.1	32.367	207	127	5	24	222	22	223	4.56e-28	114	52.66
KAE8371401.1	KAF2683686.1	32.340	235	141	6	24	253	30	251	5.13e-28	114	53.62
KAE8371401.1	XP_003842467.1	31.304	230	146	4	24	248	40	262	6.31e-28	114	52.61
KAE8371401.1	KAF2711323.1	34.783	230	138	4	24	248	32	254	7.10e-28	114	50.00
KAE8371401.1	KAF1978553.1	35.885	209	114	5	24	220	33	233	9.91e-28	114	50.72
KAE8371401.1	KAF2018272.1	32.536	209	129	5	24	226	12	214	1.01e-27	113	54.07
KAE8371401.1	KAF2791175.1	33.043	230	143	4	24	248	27	250	1.43e-27	113	50.43
KAE8371401.1	XP_001795961.1	34.529	223	133	6	20	236	33	248	1.48e-27	113	52.91
KAE8371401.1	KAF2444876.1	33.929	224	134	5	18	232	29	247	1.66e-27	113	51.79
KAE8371401.1	XP_003842212.1	34.483	203	120	5	24	220	40	235	2.16e-27	113	50.74
KAE8371401.1	XP_007296805.1	35.319	235	137	6	24	252	37	262	2.75e-27	112	50.21
KAE8371401.1	KZM19972.1	35.266	207	121	4	23	220	31	233	2.90e-27	112	52.66
KAE8371401.1	RGP69575.1	32.857	210	127	5	24	226	26	228	2.99e-27	112	54.76
KAE8371401.1	XP_031007468.1	35.122	205	120	4	24	220	34	233	3.47e-27	112	54.15
KAE8371401.1	KAF1946864.1	33.750	240	136	7	20	251	33	257	3.94e-27	112	48.75
KAE8371401.1	KAF2646320.1	35.545	211	120	5	24	226	29	231	4.58e-27	112	49.76
KAE8371401.1	KAF2756540.1	36.181	199	116	4	24	217	2	194	9.35e-27	110	52.26
KAE8371401.1	OWY58130.1	33.603	247	142	7	15	250	28	263	9.42e-27	111	49.80
KAE8371401.1	XP_028512044.1	33.603	247	142	7	15	250	28	263	9.83e-27	111	49.80
KAE8371401.1	KAB2105398.1	33.603	247	142	7	15	250	28	263	9.83e-27	111	49.80
KAE8371401.1	OJI99917.1	32.821	195	114	6	22	210	15	198	1.02e-26	110	54.87
KAE8371401.1	KNG47033.1	34.171	199	121	3	24	217	39	232	1.09e-26	111	53.27
KAE8371401.1	KAF1917785.1	34.978	223	132	5	20	236	35	250	1.10e-26	111	50.67
KAE8371401.1	XP_028494082.1	34.454	238	137	6	1	226	3	233	1.43e-26	110	47.06
KAE8371401.1	XP_003002233.1	34.454	238	137	6	1	226	3	233	1.49e-26	110	47.06
KAE8371401.1	XP_009653342.1	34.454	238	137	6	1	226	3	233	1.55e-26	110	47.06
KAE8371401.1	KIL93961.1	32.692	208	130	5	24	226	27	229	1.76e-26	110	53.85
KAE8371401.1	XP_031021448.1	32.857	210	127	5	24	226	34	236	1.90e-26	110	55.24
KAE8371401.1	GFF57184.1	31.984	247	164	3	2	247	3	246	1.95e-26	110	48.99
KAE8371401.1	RMZ73582.1	35.294	221	128	6	15	226	46	260	2.00e-26	110	51.13
KAE8371401.1	XP_018389611.1	33.603	247	142	7	15	250	28	263	2.01e-26	110	49.80
KAE8371401.1	GFG27669.1	31.984	247	164	3	2	247	3	246	2.22e-26	110	48.99
KAE8371401.1	CRK21675.1	34.034	238	138	6	1	226	3	233	2.50e-26	110	47.06
KAE8371401.1	KAE8165727.1	32.618	233	137	8	24	247	21	242	2.57e-26	109	51.50
KAE8371401.1	CEL09341.1	35.865	237	131	8	22	250	20	243	2.77e-26	109	51.90
KAE8371401.1	XP_020054148.1	33.163	196	120	4	24	213	27	217	2.87e-26	110	51.53
KAE8371401.1	KPA36746.1	31.905	210	129	5	24	226	26	228	3.10e-26	109	54.29
KAE8371401.1	KAF3052402.1	35.749	207	119	5	21	218	29	230	3.36e-26	109	50.24
KAE8371401.1	KGO68710.1	34.615	208	124	5	19	220	15	216	3.43e-26	109	51.92
KAE8371401.1	PSN66940.1	33.333	219	128	6	23	236	16	221	3.81e-26	108	52.97
KAE8371401.1	XP_001268516.1	32.389	247	163	3	2	247	3	246	4.35e-26	109	48.18
KAE8371401.1	XP_025508514.1	31.401	207	128	6	24	222	22	222	4.38e-26	109	51.69
KAE8371401.1	KAF2753830.1	34.500	200	122	5	24	220	29	222	4.39e-26	109	53.00
KAE8371401.1	XP_003051405.1	32.381	210	128	5	24	226	25	227	5.19e-26	108	53.33
KAE8371401.1	GAO90408.1	31.579	247	165	3	2	247	3	246	6.76e-26	108	48.99
KAE8371401.1	OBS22692.1	32.093	215	132	5	19	226	80	287	6.87e-26	110	53.02
KAE8371401.1	KAF2818518.1	34.722	216	124	6	20	226	37	244	7.62e-26	108	50.00
KAE8371401.1	KAF1918201.1	32.328	232	145	5	24	249	37	262	7.79e-26	108	49.57
KAE8371401.1	XP_018038441.1	33.028	218	133	4	24	232	34	247	8.38e-26	108	50.46
KAE8371401.1	XP_014540186.1	34.300	207	116	7	24	220	30	226	9.09e-26	108	50.24
KAE8371401.1	TVY31787.1	33.659	205	123	4	24	220	34	233	9.70e-26	108	54.63
KAE8371401.1	PYI24068.1	32.984	191	117	4	24	208	1	186	9.77e-26	108	50.79
KAE8371401.1	XP_018389683.1	33.014	209	129	4	24	226	39	242	9.91e-26	108	53.11
KAE8371401.1	XP_009254244.1	33.180	217	130	6	24	232	27	236	1.01e-25	108	54.84
KAE8371401.1	RYO01369.1	33.014	209	129	4	24	226	39	242	1.02e-25	108	53.11
KAE8371401.1	RYO25589.1	33.014	209	129	4	24	226	39	242	1.04e-25	108	53.11
KAE8371401.1	XP_008028433.1	33.810	210	123	6	20	220	32	234	1.04e-25	108	53.33
KAE8371401.1	KAF2851730.1	34.804	204	117	4	24	220	40	234	1.06e-25	108	50.49
KAE8371401.1	XP_025531739.1	32.984	191	117	4	24	208	1	186	1.11e-25	107	50.79
KAE8371401.1	XP_025594206.1	31.081	222	138	6	19	232	20	234	1.20e-25	108	52.70
KAE8371401.1	CEJ90625.1	33.333	228	135	8	1	220	1	219	1.43e-25	107	49.56
KAE8371401.1	OPB42272.1	32.692	208	130	3	24	226	29	231	1.44e-25	107	51.92
KAE8371401.1	XP_013954396.1	31.356	236	146	5	24	251	30	257	1.62e-25	107	49.58
KAE8371401.1	XP_018076546.1	34.975	203	119	5	24	220	7	202	1.75e-25	107	52.71
KAE8371401.1	RGP78819.1	30.233	215	136	5	19	226	22	229	2.02e-25	107	53.02
KAE8371401.1	KZL65301.1	33.971	209	124	4	23	226	29	228	2.51e-25	107	52.63
KAE8371401.1	CEJ81187.1	33.649	211	122	6	19	220	21	222	3.01e-25	107	48.82
KAE8371401.1	KAF1926945.1	34.314	204	120	5	24	218	32	230	3.87e-25	107	50.00
KAE8371401.1	PNP76503.1	32.093	215	130	6	19	226	24	229	4.12e-25	106	52.09
KAE8371401.1	CEJ95164.1	34.234	222	129	9	18	236	19	226	5.50e-25	106	50.90
KAE8371401.1	KAF3048346.1	34.361	227	127	7	21	238	29	242	7.19e-25	108	48.02
KAE8371401.1	OAL01786.1	33.632	223	137	5	20	236	33	250	1.01e-24	105	51.57
KAE8371401.1	PTD08981.1	31.356	236	139	7	24	252	27	246	1.10e-24	105	52.54
KAE8371401.1	XP_011325183.1	31.356	236	139	7	24	252	27	246	1.23e-24	105	52.54
KAE8371401.1	KAF2221279.1	32.877	219	134	5	24	236	30	241	1.41e-24	105	47.95
KAE8371401.1	KPM34604.1	30.315	254	150	8	11	248	15	257	1.77e-24	105	50.79
KAE8371401.1	PVH94868.1	36.453	203	118	5	24	220	32	229	1.79e-24	105	52.22
KAE8371401.1	CAL25577.1	32.212	208	131	3	24	226	29	231	1.93e-24	105	50.96
KAE8371401.1	KKP06711.1	31.356	236	146	5	24	251	30	257	2.09e-24	105	49.15
KAE8371401.1	KAF3072081.1	32.212	208	131	3	24	226	29	231	2.14e-24	104	50.96
KAE8371401.1	XP_024776337.1	32.212	208	131	3	24	226	29	231	2.21e-24	104	50.96
KAE8371401.1	KFH43498.1	33.168	202	125	4	24	220	29	225	2.42e-24	104	49.50
KAE8371401.1	RSL49171.1	32.692	208	130	4	24	226	25	227	3.12e-24	104	54.33
KAE8371401.1	KKP04050.1	32.212	208	131	3	24	226	29	231	3.18e-24	104	50.96
KAE8371401.1	KAF2640584.1	33.333	219	131	5	24	232	38	251	3.32e-24	104	51.14
KAE8371401.1	PNP50984.1	32.212	208	131	3	24	226	29	231	3.54e-24	104	50.96
KAE8371401.1	EGU81637.1	32.093	215	130	6	19	226	20	225	5.49e-24	103	51.16
KAE8371401.1	XP_024779608.1	30.932	236	147	5	24	251	30	257	5.54e-24	103	49.15
KAE8371401.1	XP_001592294.1	34.673	199	112	6	24	213	41	230	5.77e-24	103	53.77
KAE8371401.1	OJJ60593.1	31.553	206	123	7	22	221	15	208	6.59e-24	102	52.91
KAE8371401.1	KXJ86523.1	33.493	209	129	4	24	226	45	249	7.39e-24	103	48.80
KAE8371401.1	KAE8419618.1	33.333	198	114	5	22	210	20	208	7.59e-24	103	51.52
KAE8371401.1	RSL66647.1	33.810	210	125	5	24	226	25	227	1.10e-23	102	53.33
KAE8371401.1	OPB36132.1	31.356	236	146	5	24	251	30	257	1.26e-23	102	48.31
KAE8371401.1	KFG77596.1	31.884	207	121	7	24	220	30	226	1.33e-23	102	51.21
KAE8371401.1	GFF25306.1	33.475	236	129	10	24	249	22	239	1.35e-23	102	52.12
KAE8371401.1	XP_018252424.1	31.628	215	131	6	19	226	20	225	1.44e-23	102	51.16
KAE8371401.1	P35049.1	31.628	215	131	6	19	226	20	225	1.52e-23	102	51.16
KAE8371401.1	OQD98645.1	42.718	103	59	0	23	125	9	111	1.54e-23	99.4	68.93
KAE8371401.1	KAB8265015.1	31.008	258	140	10	1	249	9	237	1.69e-23	102	48.84
KAE8371401.1	XP_022389017.1	32.766	235	132	9	24	249	22	239	1.75e-23	102	49.79
KAE8371401.1	RYC87346.1	31.628	215	131	6	19	226	20	225	1.75e-23	102	51.16
KAE8371401.1	XP_031031185.1	31.628	215	131	6	19	226	20	225	1.93e-23	102	51.16
KAE8371401.1	1GDU_A	31.905	210	127	6	24	226	1	201	2.31e-23	101	51.43
KAE8371401.1	XP_031937873.1	31.008	258	140	10	1	249	42	270	2.46e-23	102	48.84
KAE8371401.1	TVY42980.1	33.668	199	119	4	30	220	44	237	2.47e-23	101	52.26
KAE8371401.1	RSM20162.1	32.857	210	127	5	24	226	25	227	2.66e-23	102	53.81
KAE8371401.1	RTE84620.1	32.857	210	127	5	24	226	25	227	2.72e-23	102	53.81
KAE8371401.1	KJK74714.1	31.884	207	121	7	24	220	93	289	2.90e-23	103	51.21
KAE8371401.1	1PPZ_A	31.905	210	127	6	24	226	1	201	2.94e-23	101	51.43
KAE8371401.1	XP_008602217.1	30.556	252	157	7	1	249	6	242	2.99e-23	101	46.83
KAE8371401.1	CAC80694.2	30.508	236	148	5	24	251	30	257	3.04e-23	102	48.73
KAE8371401.1	PNP51230.1	30.085	236	149	5	24	251	30	257	3.31e-23	101	49.58
KAE8371401.1	RMJ20128.1	32.857	210	127	5	24	226	25	227	3.46e-23	101	53.81
KAE8371401.1	RBR01797.1	31.628	215	131	6	19	226	20	225	3.50e-23	101	50.23
KAE8371401.1	XP_013958833.1	30.769	208	134	3	24	226	29	231	3.53e-23	101	50.48
KAE8371401.1	CVK85925.1	31.163	215	132	6	19	226	20	225	3.57e-23	101	50.70
KAE8371401.1	PYI34337.1	32.065	184	114	4	24	201	1	179	3.94e-23	100	50.54
KAE8371401.1	XP_007825781.1	32.995	197	113	6	24	210	30	217	4.21e-23	101	49.24
KAE8371401.1	XP_031927581.1	32.828	198	115	5	22	210	20	208	4.26e-23	101	51.01
KAE8371401.1	RFN54229.1	30.476	210	132	4	24	226	34	236	4.38e-23	101	52.86
KAE8371401.1	XP_007689198.1	32.780	241	139	7	20	252	27	252	4.43e-23	101	49.79
KAE8371401.1	XP_007701392.1	32.099	243	141	7	20	252	27	255	4.90e-23	101	49.79
KAE8371401.1	XP_018760148.1	31.628	215	131	6	19	226	20	225	5.10e-23	101	50.23
KAE8371401.1	PTB79283.1	33.014	209	131	4	19	220	23	229	5.17e-23	101	50.72
KAE8371401.1	KAF3057501.1	30.932	236	147	5	24	251	63	290	5.28e-23	102	48.73
KAE8371401.1	XP_007716292.1	32.099	243	141	7	20	252	27	255	5.67e-23	101	50.62
KAE8371401.1	RSL83135.1	32.857	210	127	5	24	226	25	227	6.15e-23	100	53.33
KAE8371401.1	XP_031078492.1	31.628	215	131	6	19	226	20	225	6.35e-23	100	50.23
KAE8371401.1	RDW75440.1	33.171	205	126	4	22	220	41	240	6.39e-23	101	51.22
KAE8371401.1	KIL87250.1	30.952	210	129	5	24	226	25	225	7.27e-23	100	50.00
KAE8371401.1	XP_015406501.1	31.915	235	134	9	24	249	22	239	7.51e-23	100	49.36
KAE8371401.1	KID96191.1	32.787	244	134	10	13	244	15	240	7.77e-23	104	48.77
KAE8371401.1	RAK74435.1	34.375	224	121	9	24	239	22	227	8.37e-23	100	48.21
KAE8371401.1	PVH72381.1	33.333	201	121	5	24	218	39	232	8.84e-23	100	51.74
KAE8371401.1	KAF3394469.1	34.343	198	113	5	22	210	21	210	9.33e-23	100	51.52
KAE8371401.1	RFU79935.1	31.687	243	141	8	19	248	23	253	1.01e-22	100	49.38
KAE8371401.1	1FN8_A	31.579	209	127	6	25	226	2	201	1.12e-22	99.8	51.20
KAE8371401.1	AER28315.1	30.508	236	148	5	24	251	30	257	1.38e-22	100	48.73
KAE8371401.1	XP_031945595.1	32.212	208	124	6	22	220	20	219	1.67e-22	99.8	51.44
KAE8371401.1	RDW58266.1	31.330	233	142	5	1	220	13	240	1.79e-22	100	50.21
KAE8371401.1	KAA8567096.1	32.292	192	120	3	24	210	39	225	1.97e-22	100	53.12
KAE8371401.1	BAF81546.1	31.905	210	129	5	24	226	25	227	2.02e-22	99.8	52.86
KAE8371401.1	KAF2635171.1	33.981	206	123	6	22	219	30	230	2.22e-22	99.8	49.51
KAE8371401.1	TGO83329.1	34.171	199	113	6	24	213	41	230	2.27e-22	99.8	53.77
KAE8371401.1	KAB8291309.1	32.292	192	120	3	24	210	39	225	2.33e-22	99.8	53.12
KAE8371401.1	KAF3033306.1	31.004	229	123	7	24	220	32	257	3.13e-22	99.8	48.47
KAE8371401.1	KAF1952835.1	34.804	204	119	6	24	220	34	230	3.37e-22	99.4	50.00
KAE8371401.1	PVI04580.1	30.198	202	130	4	24	220	31	226	3.92e-22	99.0	48.02
KAE8371401.1	EFQ92628.1	31.897	232	141	6	13	236	26	248	4.00e-22	99.0	49.57
KAE8371401.1	KAF1852222.1	32.420	219	135	5	24	236	33	244	4.23e-22	99.0	47.95
KAE8371401.1	XP_018149155.1	33.333	207	119	7	24	222	32	227	4.41e-22	98.6	50.24
KAE8371401.1	KJK74009.1	32.524	206	122	7	24	220	30	227	5.03e-22	98.6	50.49
KAE8371401.1	KAF3384711.1	33.906	233	128	10	24	247	22	237	5.30e-22	98.2	49.36
KAE8371401.1	XP_014555592.1	31.276	243	143	7	20	252	27	255	5.42e-22	98.6	50.62
KAE8371401.1	XP_006961656.1	31.579	209	134	4	19	220	23	229	5.79e-22	98.6	50.72
KAE8371401.1	RZR61267.1	33.005	203	119	6	24	220	32	223	6.03e-22	98.2	50.25
KAE8371401.1	KFA79358.1	33.173	208	129	4	24	226	29	231	7.40e-22	98.2	50.00
KAE8371401.1	KEY74969.1	33.173	208	129	4	24	226	29	231	8.30e-22	98.2	50.00
KAE8371401.1	KID83352.1	31.967	244	136	10	13	244	15	240	8.75e-22	100	48.77
KAE8371401.1	OTA08776.1	31.579	209	134	4	19	220	23	229	9.13e-22	97.8	50.72
KAE8371401.1	PYI14344.1	32.432	222	127	9	24	239	22	226	1.30e-21	97.4	48.20
KAE8371401.1	CRK21695.1	33.880	183	114	3	50	226	34	215	1.43e-21	97.1	48.63
KAE8371401.1	PNP47609.1	31.905	210	130	4	24	226	29	232	1.47e-21	97.4	48.57
KAE8371401.1	XP_018664384.1	31.905	210	130	4	24	226	29	232	1.50e-21	97.4	48.57
KAE8371401.1	KID81881.1	32.039	206	123	7	24	220	30	227	1.70e-21	97.1	50.00
KAE8371401.1	SCV32335.1	31.163	215	132	6	19	226	20	225	1.73e-21	97.1	49.77
KAE8371401.1	KJZ73810.1	30.841	214	125	9	24	222	26	231	1.99e-21	97.1	49.53
KAE8371401.1	XP_024762879.1	31.905	210	130	4	24	226	29	232	2.09e-21	97.1	47.62
KAE8371401.1	ATY64348.1	33.491	212	124	8	24	227	33	235	2.10e-21	100	51.89
KAE8371401.1	PBP22320.1	30.603	232	146	6	23	248	39	261	2.55e-21	97.1	49.57
KAE8371401.1	KFG79123.1	32.524	206	122	7	24	220	30	227	2.60e-21	96.7	49.03
KAE8371401.1	XP_007819451.1	32.039	206	123	7	24	220	30	227	2.79e-21	96.7	50.00
KAE8371401.1	PQK15910.1	29.365	252	160	7	1	249	6	242	3.14e-21	96.3	46.43
KAE8371401.1	XP_007813173.1	30.244	205	129	6	24	220	30	228	3.40e-21	96.3	49.27
KAE8371401.1	TGO25174.1	33.166	199	115	6	24	213	41	230	3.50e-21	96.7	53.27
KAE8371401.1	THV55801.1	33.166	199	115	6	24	213	41	230	3.58e-21	96.7	53.27
KAE8371401.1	XP_001556792.1	33.166	199	115	6	24	213	41	230	4.05e-21	96.7	53.27
KAE8371401.1	PBP24814.1	30.603	232	146	6	23	248	39	261	4.42e-21	96.3	49.57
KAE8371401.1	KAF3003422.1	29.528	254	139	9	17	236	324	571	4.83e-21	99.4	48.03
KAE8371401.1	TVY12542.1	33.862	189	112	4	30	210	44	227	5.38e-21	95.1	51.85
KAE8371401.1	TGO39091.1	33.166	199	115	6	24	213	41	230	5.76e-21	96.3	53.27
KAE8371401.1	XP_014072436.1	31.754	211	128	7	20	220	27	231	5.84e-21	95.9	52.61
KAE8371401.1	TGO59076.1	32.663	199	116	6	24	213	41	230	7.23e-21	95.9	52.76
KAE8371401.1	XP_014543672.1	31.553	206	124	7	24	220	30	227	8.47e-21	95.5	49.51
KAE8371401.1	OOQ84584.1	30.052	193	124	2	24	210	22	209	9.86e-21	95.1	48.70
KAE8371401.1	KHN98356.1	30.213	235	147	7	3	226	6	234	1.04e-20	95.1	50.64
KAE8371401.1	TQV91316.1	32.195	205	126	7	26	224	32	229	2.00e-20	94.4	49.27
KAE8371401.1	PSN67656.1	32.178	202	131	2	23	218	33	234	2.01e-20	94.4	45.05
KAE8371401.1	OJJ54227.1	27.985	268	171	8	1	253	1	261	2.20e-20	94.4	43.28
KAE8371401.1	XP_013946139.1	31.429	210	131	4	24	226	29	232	2.34e-20	94.4	47.14
KAE8371401.1	XP_024750773.1	30.622	209	136	4	19	220	23	229	2.52e-20	94.4	50.24
KAE8371401.1	CAA55477.1	32.843	204	122	8	24	220	30	225	2.63e-20	94.0	50.98
KAE8371401.1	XP_025545977.1	29.565	230	148	6	24	247	20	241	2.72e-20	94.0	49.13
KAE8371401.1	KAB8225630.1	30.705	241	143	10	18	249	19	244	3.87e-20	93.2	48.96
KAE8371401.1	OJJ05180.1	30.126	239	144	9	24	248	24	253	4.90e-20	93.2	48.12
KAE8371401.1	TGO70222.1	32.161	199	117	6	24	213	41	230	5.08e-20	93.6	52.76
KAE8371401.1	XP_026608155.1	29.297	256	148	9	22	248	16	267	7.61e-20	93.2	46.48
KAE8371401.1	CEJ82052.1	32.353	204	122	7	15	210	17	212	9.43e-20	92.4	47.55
KAE8371401.1	XP_007823967.2	31.301	246	144	9	13	244	15	249	1.06e-19	95.1	44.72
KAE8371401.1	EXU97722.1	31.301	246	144	9	13	244	15	249	1.07e-19	95.1	44.72
KAE8371401.1	EIT75269.1	28.333	240	160	8	10	247	13	242	1.22e-19	92.0	49.17
KAE8371401.1	TVY64350.1	30.476	210	129	6	20	220	39	240	1.29e-19	92.4	51.90
KAE8371401.1	PBP16488.1	29.381	194	126	3	22	210	26	213	1.69e-19	92.4	47.94
KAE8371401.1	KID89002.1	29.333	225	123	7	24	220	30	246	1.89e-19	92.0	46.22
KAE8371401.1	RAQ41915.1	29.680	219	145	7	10	226	5	216	2.12e-19	91.3	50.23
KAE8371401.1	OOO14170.1	29.680	219	145	7	10	226	13	224	2.74e-19	91.3	50.23
KAE8371401.1	CEJ93190.1	32.432	185	110	6	24	204	29	202	3.18e-19	90.1	48.11
KAE8371401.1	KXJ85241.1	29.185	233	151	5	24	248	33	259	3.65e-19	91.3	46.35
KAE8371401.1	KAF2439829.1	32.536	209	127	7	24	226	29	229	4.16e-19	90.9	50.24
KAE8371401.1	KID59706.1	29.130	230	149	6	13	235	15	237	4.16e-19	93.6	45.65
KAE8371401.1	TVY33961.1	31.220	205	118	5	24	220	36	225	5.14e-19	90.5	50.73
KAE8371401.1	XP_025437781.1	32.174	230	116	9	24	249	22	215	6.53e-19	89.4	44.35
KAE8371401.1	KXJ85554.1	27.500	240	152	7	24	251	41	270	8.48e-19	90.1	46.25
KAE8371401.1	XP_025494628.1	31.977	172	105	5	24	188	23	189	8.63e-19	88.6	51.74
KAE8371401.1	XP_022392614.1	33.493	209	120	6	22	220	21	220	1.01e-18	89.7	51.20
KAE8371401.1	KAE8322179.1	29.583	240	145	10	19	249	20	244	1.68e-18	89.0	47.50
KAE8371401.1	EXV01861.1	29.493	217	118	6	24	210	30	241	1.69e-18	89.7	44.24
KAE8371401.1	RKP13244.1	33.679	193	114	8	24	210	13	197	2.04e-18	87.8	48.19
KAE8371401.1	KAF2684235.1	31.507	219	136	8	10	220	4	216	2.25e-18	88.6	51.60
KAE8371401.1	KJK73735.1	30.952	210	130	7	24	226	40	241	2.90e-18	90.1	48.57
KAE8371401.1	CEN62071.1	30.049	203	130	5	24	220	21	217	3.14e-18	88.2	47.29
KAE8371401.1	KAF1978795.1	34.434	212	118	9	24	226	31	230	3.88e-18	88.2	49.06
KAE8371401.1	KID84458.1	32.850	207	119	7	24	220	30	226	5.19e-18	87.8	49.76
KAE8371401.1	TEY83991.1	30.698	215	119	7	24	213	41	250	6.09e-18	88.2	50.23
KAE8371401.1	XP_018032844.1	32.057	209	127	8	24	226	30	229	7.91e-18	87.4	51.67
KAE8371401.1	ESZ97057.1	31.795	195	123	3	24	213	40	229	8.34e-18	87.4	50.26
KAE8371401.1	XP_023454066.1	32.323	198	117	8	24	209	24	216	9.51e-18	87.0	48.48
KAE8371401.1	XP_001941454.1	32.273	220	135	5	15	226	28	241	1.03e-17	87.4	50.00
KAE8371401.1	PVI00574.1	33.495	206	117	8	24	220	32	226	1.08e-17	87.0	50.00
KAE8371401.1	XP_023455481.1	31.034	203	126	6	24	220	61	255	1.41e-17	87.4	47.78
KAE8371401.1	KAB8200776.1	29.583	240	145	10	19	249	20	244	2.05e-17	85.9	46.25
KAE8371401.1	XP_014539770.1	28.926	242	153	7	13	244	15	247	2.06e-17	89.0	44.63
KAE8371401.1	TGO19408.1	31.746	189	111	6	34	213	48	227	2.31e-17	86.3	51.85
KAE8371401.1	KJK92266.1	29.851	201	107	6	24	220	30	200	2.79e-17	85.5	46.27
KAE8371401.1	XP_007819387.1	30.144	209	119	6	24	217	27	223	2.88e-17	86.3	47.37
KAE8371401.1	XP_024551724.1	30.233	215	120	6	24	213	41	250	3.59e-17	86.3	48.84
KAE8371401.1	XP_014081550.1	30.043	233	132	6	20	226	27	254	4.55e-17	85.9	47.21
KAE8371401.1	OAA34318.1	27.311	238	153	8	2	226	5	235	7.81e-17	84.7	47.06
KAE8371401.1	KGQ06528.1	29.310	232	148	6	21	249	780	998	9.49e-17	87.0	46.55
KAE8371401.1	KJK76484.1	30.144	209	119	6	24	217	27	223	9.76e-17	84.7	47.37
KAE8371401.1	KXN70607.1	29.461	241	144	10	24	251	1	228	1.08e-16	83.6	43.57
KAE8371401.1	XP_026604603.1	30.392	204	127	8	24	220	22	217	1.45e-16	84.0	49.02
KAE8371401.1	OQD92110.1	32.203	236	134	9	24	250	22	240	1.90e-16	85.5	48.31
KAE8371401.1	OWP05488.1	29.825	228	124	7	22	248	38	230	1.98e-16	83.2	46.05
KAE8371401.1	KAB8247675.1	28.571	196	132	5	53	247	124	312	2.79e-16	84.0	49.49
KAE8371401.1	OMH82551.1	33.333	219	133	7	9	222	12	222	3.94e-16	82.8	43.84
KAE8371401.1	OJJ40119.1	31.313	198	117	5	24	210	21	210	5.17e-16	82.4	47.47
KAE8371401.1	PPJ52794.1	32.323	198	117	8	24	209	24	216	5.94e-16	82.4	47.98
KAE8371401.1	KXN70608.1	29.412	238	142	11	24	248	1	225	6.01e-16	81.6	44.96
KAE8371401.1	RZR67285.1	30.769	221	133	8	19	226	26	239	8.70e-16	82.0	43.89
KAE8371401.1	POS73705.1	38.596	114	66	1	20	133	47	156	8.77e-16	80.1	57.02
KAE8371401.1	OQD69001.1	36.567	134	74	3	20	147	16	144	8.96e-16	79.7	54.48
KAE8371401.1	XP_006666080.1	28.235	255	162	7	3	247	4	247	9.14e-16	81.6	41.96
KAE8371401.1	XP_018147989.1	30.769	221	133	8	19	226	26	239	1.01e-15	81.6	43.89
KAE8371401.1	OAA76716.1	28.452	239	162	4	17	250	16	250	1.18e-15	81.3	43.93
KAE8371401.1	XP_002376888.1	30.857	175	116	4	53	226	142	312	1.33e-15	82.4	50.86
KAE8371401.1	TWU73448.1	29.091	220	138	6	24	226	32	250	1.81e-15	82.0	48.18
KAE8371401.1	KGQ06816.1	27.948	229	147	7	24	245	27	244	1.83e-15	80.9	46.72
KAE8371401.1	XP_026607957.1	29.016	193	118	7	23	205	57	240	1.93e-15	81.3	50.26
KAE8371401.1	CEJ92321.1	29.126	206	137	4	24	226	107	306	2.20e-15	82.0	41.75
KAE8371401.1	ATY62174.1	27.755	245	162	6	10	247	11	247	4.10e-15	80.1	41.22
KAE8371401.1	XP_014545263.1	29.245	212	122	7	24	219	27	226	4.48e-15	80.1	45.75
KAE8371401.1	KXN70028.1	30.189	212	127	7	53	251	14	217	5.36e-15	79.0	45.28
KAE8371401.1	PQK14372.1	27.948	229	147	7	24	245	27	244	5.38e-15	79.3	46.29
KAE8371401.1	KJK82338.1	28.846	208	136	8	24	226	32	232	6.12e-15	80.9	45.19
KAE8371401.1	CEJ92817.1	29.500	200	130	5	24	220	27	218	7.88e-15	79.0	43.00
KAE8371401.1	KID81821.1	30.918	207	123	8	24	219	27	224	8.00e-15	79.0	47.83
KAE8371401.1	OAA41719.1	29.091	220	138	6	24	226	32	250	8.11e-15	80.9	48.18
KAE8371401.1	TQW00855.1	29.741	232	148	6	24	247	23	247	8.42e-15	79.0	43.10
KAE8371401.1	OMH85164.1	31.776	214	128	8	24	225	40	247	9.62e-15	79.7	50.47
KAE8371401.1	KFG77817.1	27.826	230	150	9	24	248	33	251	9.71e-15	80.5	43.48
KAE8371401.1	CEN62918.1	29.461	241	148	8	24	250	21	253	9.99e-15	79.0	45.64
KAE8371401.1	XP_022386126.1	32.911	158	94	4	28	179	445	596	1.22e-14	80.9	53.80
KAE8371401.1	KJK74623.1	27.803	223	137	6	24	229	27	242	1.91e-14	79.3	44.39
KAE8371401.1	CEJ92324.1	27.941	204	132	6	24	220	27	222	2.37e-14	77.8	43.14
KAE8371401.1	XP_026602831.1	29.577	213	124	8	1	199	1	201	4.09e-14	78.2	46.95
KAE8371401.1	OMH82114.1	31.100	209	139	4	24	232	28	231	4.55e-14	77.4	45.45
KAE8371401.1	PZD51643.1	40.909	110	58	2	15	121	28	133	4.80e-14	74.3	58.18
KAE8371401.1	OAA42430.1	28.302	212	142	3	3	210	4	209	5.45e-14	77.0	43.40
KAE8371401.1	XP_018175533.1	30.374	214	137	5	20	226	32	240	5.98e-14	77.0	42.52
KAE8371401.1	KJK76293.1	29.787	235	126	9	24	226	27	254	6.97e-14	77.8	44.68
KAE8371401.1	KAF2215105.1	28.358	201	121	7	24	209	24	216	7.69e-14	76.6	46.77
KAE8371401.1	KFG77716.1	29.787	235	126	9	24	226	27	254	8.07e-14	77.4	44.68
KAE8371401.1	KAA8622252.1	35.915	142	79	3	15	148	28	165	1.07e-13	75.5	53.52
KAE8371401.1	PWO21431.1	35.915	142	79	3	15	148	28	165	1.34e-13	75.5	53.52
KAE8371401.1	PWO06519.1	35.915	142	79	3	15	148	28	165	1.57e-13	75.1	53.52
KAE8371401.1	KXN70029.1	27.119	236	148	9	24	247	1	224	1.73e-13	75.1	42.37
KAE8371401.1	KID96516.1	28.638	213	123	8	24	219	27	227	1.92e-13	75.9	46.95
KAE8371401.1	KJK73548.1	31.602	231	118	12	24	227	27	244	1.96e-13	76.6	45.45
KAE8371401.1	XP_011411285.1	30.374	214	125	7	24	220	27	233	1.97e-13	76.6	44.39
KAE8371401.1	PWI75161.1	30.374	214	137	5	20	226	177	385	1.99e-13	77.0	42.52
KAE8371401.1	KID82132.1	29.536	237	137	11	24	239	31	258	2.14e-13	76.3	45.15
KAE8371401.1	PIA13407.1	31.683	202	128	5	24	219	41	238	2.32e-13	76.6	47.03
KAE8371401.1	KJK76052.1	26.778	239	132	7	13	244	15	217	2.45e-13	76.3	40.59
KAE8371401.1	XP_014541339.1	29.187	209	121	7	24	220	28	221	3.14e-13	75.9	44.02
KAE8371401.1	KJK90045.1	26.778	239	132	7	13	244	15	217	3.78e-13	75.9	40.59
KAE8371401.1	KNE87868.1	33.594	128	78	2	24	148	31	154	4.84e-13	72.8	53.12
KAE8371401.1	KID70241.1	29.577	213	126	8	24	220	27	231	5.03e-13	74.3	46.48
KAE8371401.1	PKS02118.1	27.094	203	134	6	24	220	60	254	5.03e-13	74.7	45.81
KAE8371401.1	OAQ98463.1	28.696	230	155	5	24	248	4	229	7.17e-13	73.6	43.48
KAE8371401.1	KHN94045.1	29.091	220	135	9	13	220	22	232	8.23e-13	75.5	46.82
KAE8371401.1	CEJ93686.1	27.679	224	145	7	24	241	25	237	8.57e-13	73.6	42.86
KAE8371401.1	KXN70030.1	25.197	254	162	9	13	252	20	259	1.06e-12	73.6	39.76
KAE8371401.1	XP_016604811.1	26.772	254	164	8	12	250	21	267	1.10e-12	73.6	41.73
KAE8371401.1	TGO71322.1	34.884	129	75	3	24	147	41	165	1.21e-12	71.2	56.59
KAE8371401.1	XP_014541568.1	27.876	226	135	8	24	229	26	243	1.36e-12	73.9	44.25
KAE8371401.1	KXN70027.1	27.477	222	137	8	20	227	1	212	1.37e-12	72.4	43.24
KAE8371401.1	OLY81097.1	25.820	244	155	7	20	239	45	286	2.88e-12	73.2	43.85
KAE8371401.1	XP_018706300.1	28.241	216	125	8	24	219	25	230	3.17e-12	72.8	44.44
KAE8371401.1	XP_008596219.1	27.604	192	131	3	23	210	22	209	3.18e-12	72.0	44.79
KAE8371401.1	KID82278.1	30.732	205	124	8	24	219	27	222	3.31e-12	73.2	46.83
KAE8371401.1	KID60022.1	28.636	220	132	8	24	228	27	236	3.36e-12	72.0	41.82
KAE8371401.1	KID82059.1	29.717	212	122	8	24	219	27	227	3.68e-12	72.0	44.34
KAE8371401.1	XP_007825776.2	27.778	234	125	9	24	229	27	244	3.71e-12	72.8	42.74
KAE8371401.1	PKS04666.1	28.358	201	121	8	24	209	24	216	4.03e-12	71.6	46.27
KAE8371401.1	OJJ30138.1	30.041	243	153	10	15	249	7	240	4.93e-12	71.2	42.39
KAE8371401.1	PVH76814.1	29.018	224	135	10	10	218	8	222	5.44e-12	71.2	45.09
KAE8371401.1	OMJ23462.1	29.915	234	144	10	18	234	37	267	5.55e-12	72.4	45.73
KAE8371401.1	OMJ28111.1	31.707	205	122	9	18	210	37	235	6.58e-12	72.4	47.32
KAE8371401.1	KID86624.1	39.623	106	56	3	24	125	27	128	7.44e-12	71.6	58.49
KAE8371401.1	ATY67450.1	29.048	210	125	7	24	219	27	226	9.16e-12	71.6	45.71
KAE8371401.1	OMJ13354.1	31.373	204	122	9	19	210	38	235	9.75e-12	70.5	46.57
KAE8371401.1	KFG82517.1	29.371	143	94	3	12	147	14	156	1.17e-11	68.6	46.85
KAE8371401.1	PQK17331.1	27.604	192	131	2	23	210	22	209	1.20e-11	70.5	43.23
KAE8371401.1	KAF1348963.1	28.708	209	124	6	30	226	23	218	1.21e-11	70.1	44.50
KAE8371401.1	OAA37904.1	29.703	202	119	7	24	212	27	218	1.24e-11	70.1	43.07
KAE8371401.1	KFG85365.1	30.435	207	125	6	24	219	28	226	1.33e-11	70.5	46.38
KAE8371401.1	KYK57195.1	27.189	217	126	8	24	223	13	214	1.42e-11	70.9	44.24
KAE8371401.1	PVU98606.1	29.851	201	123	6	24	212	104	298	1.44e-11	71.2	46.27
KAE8371401.1	XP_006674251.1	30.093	216	119	9	24	220	27	229	1.46e-11	70.5	43.98
KAE8371401.1	KJK80603.1	34.328	134	81	3	24	150	30	163	1.50e-11	71.2	47.76
KAE8371401.1	KXN65421.1	25.926	243	158	8	20	247	19	254	1.63e-11	70.1	40.74
KAE8371401.1	PWA03539.1	29.851	201	123	6	24	212	104	298	1.68e-11	70.9	46.27
KAE8371401.1	KGQ07895.1	27.604	192	131	2	23	210	22	209	1.74e-11	70.1	43.23
KAE8371401.1	XP_018703519.1	27.953	254	164	8	3	247	4	247	2.00e-11	69.7	41.73
KAE8371401.1	ATY67436.1	28.505	214	125	8	24	220	27	229	2.48e-11	69.7	44.39
KAE8371401.1	KID93664.1	29.902	204	122	7	24	220	27	216	2.64e-11	70.5	46.57
KAE8371401.1	PPJ59308.1	35.659	129	72	3	24	147	61	183	2.77e-11	68.2	51.94
KAE8371401.1	TPX69758.1	24.706	255	172	8	10	250	18	266	2.90e-11	69.7	40.39
KAE8371401.1	KHO00221.1	35.000	120	70	3	24	143	27	138	2.96e-11	67.4	51.67
KAE8371401.1	PVU91152.1	29.665	209	131	8	24	219	65	270	3.73e-11	70.1	44.02
KAE8371401.1	KXN69892.1	31.489	235	139	9	3	222	2	229	4.18e-11	68.9	42.13
KAE8371401.1	KHN99593.1	26.636	214	132	6	24	220	28	233	4.97e-11	70.1	44.86
KAE8371401.1	XP_007292873.1	26.809	235	155	8	21	247	25	250	5.10e-11	68.6	45.11
KAE8371401.1	KXN75007.1	28.230	209	130	9	24	226	29	223	5.32e-11	68.6	44.98
KAE8371401.1	XP_014539325.1	26.754	228	117	9	24	220	27	235	5.61e-11	69.3	44.30
KAE8371401.1	AAQ04074.1	27.523	218	135	9	20	226	18	223	5.70e-11	68.2	43.58
KAE8371401.1	XP_018139754.1	27.184	206	136	8	48	247	227	424	5.90e-11	69.7	47.09
KAE8371401.1	OMJ13216.1	28.750	240	142	10	18	234	37	270	5.91e-11	69.3	44.17
KAE8371401.1	EXV05166.1	30.288	208	124	7	24	219	28	226	7.14e-11	68.6	45.67
KAE8371401.1	KJK75903.1	34.416	154	81	5	24	165	27	172	7.46e-11	69.3	48.70
KAE8371401.1	KAF2769084.1	29.032	217	116	10	7	205	3	199	8.46e-11	68.2	45.16
KAE8371401.1	ORY01940.1	26.271	236	156	7	6	228	86	316	8.76e-11	68.9	43.22
KAE8371401.1	KJK74988.1	28.182	220	133	8	24	228	27	236	9.73e-11	67.8	41.36
KAE8371401.1	ADK37838.1	29.515	227	136	9	1	214	1	216	1.26e-10	67.4	44.05
KAE8371401.1	KJK79369.1	25.962	208	126	7	24	220	26	216	1.35e-10	68.2	44.23
KAE8371401.1	KXN68404.1	27.869	244	147	10	24	249	1	233	1.41e-10	67.0	40.57
KAE8371401.1	XP_007824259.1	28.889	225	133	8	24	229	27	243	1.81e-10	68.2	42.22
KAE8371401.1	XP_014547910.1	29.694	229	126	10	24	229	27	243	1.86e-10	68.2	42.79
KAE8371401.1	KAF1736087.1	31.783	129	80	2	24	147	27	152	2.04e-10	65.1	48.84
KAE8371401.1	XP_014541279.1	28.571	203	126	6	24	220	27	216	2.08e-10	67.8	44.33
KAE8371401.1	TWU72308.1	30.519	154	94	6	3	148	10	158	2.46e-10	67.8	50.65
KAE8371401.1	KAF2152293.1	28.505	214	113	8	47	226	1	208	2.48e-10	66.2	43.93
KAE8371401.1	OAA39941.1	30.519	154	94	6	3	148	10	158	2.48e-10	67.8	50.65
KAE8371401.1	PVV00464.1	26.147	218	143	7	4	210	2	212	2.98e-10	66.6	44.95
KAE8371401.1	EXU96432.1	27.917	240	123	11	24	229	27	250	3.01e-10	67.4	42.08
KAE8371401.1	KZZ89192.1	28.571	203	129	6	24	219	27	220	3.08e-10	67.4	42.86
KAE8371401.1	PMB71448.1	31.783	129	80	2	24	147	27	152	3.29e-10	64.3	48.84
KAE8371401.1	XP_007815057.1	31.944	144	84	4	24	161	279	414	3.64e-10	67.4	47.22
KAE8371401.1	KJK73753.1	27.143	210	121	8	24	220	27	217	4.94e-10	66.6	43.33
KAE8371401.1	KID81312.1	26.389	216	131	7	24	220	27	233	5.59e-10	66.6	43.98
KAE8371401.1	KGQ02434.1	29.907	214	119	9	24	219	27	227	7.54e-10	66.2	42.99
KAE8371401.1	PVU95906.1	34.839	155	92	7	24	176	24	171	8.46e-10	65.5	50.97
KAE8371401.1	CEJ94881.1	30.556	180	105	7	24	190	50	222	9.74e-10	65.5	45.00
KAE8371401.1	PVU91748.1	28.636	220	126	9	21	221	74	281	1.05e-09	66.2	42.73
KAE8371401.1	XP_006674497.1	33.088	136	70	4	24	147	27	153	1.30e-09	65.5	49.26
KAE8371401.1	AAW31593.1	27.193	228	147	6	4	221	7	225	1.50e-09	64.7	42.54
KAE8371401.1	PVU91151.1	28.774	212	130	7	24	221	35	239	2.06e-09	64.7	39.62
KAE8371401.1	KHO01260.1	33.981	103	63	2	24	126	32	129	2.08e-09	62.4	54.37
KAE8371401.1	KAF1737695.1	26.577	222	116	7	24	219	27	227	2.12e-09	64.3	41.44
KAE8371401.1	KID81639.1	24.771	218	136	7	24	230	26	226	2.41e-09	64.7	43.58
KAE8371401.1	XP_008598503.1	27.477	222	114	8	24	219	27	227	2.80e-09	63.9	41.44
KAE8371401.1	XP_007826012.2	25.962	208	132	6	24	220	26	222	3.73e-09	63.9	43.27
KAE8371401.1	PIA14527.1	27.536	207	141	6	24	225	7	209	4.25e-09	63.9	45.89
KAE8371401.1	OMH83906.1	31.500	200	116	9	24	209	43	235	4.30e-09	63.9	45.50
KAE8371401.1	OMJ29223.1	28.440	218	142	8	14	224	16	226	5.59e-09	63.2	44.04
KAE8371401.1	PWA01149.1	27.876	226	148	7	24	237	49	271	6.11e-09	63.5	41.59
KAE8371401.1	PVU99426.1	27.876	226	148	7	24	237	49	271	6.15e-09	63.5	41.59
KAE8371401.1	PVU99582.1	27.053	207	135	8	24	220	23	223	6.76e-09	62.8	44.44
KAE8371401.1	PQK09941.1	28.910	211	124	8	24	219	27	226	7.59e-09	63.2	44.55
KAE8371401.1	OAA39482.1	28.372	215	109	7	24	217	27	217	8.28e-09	62.8	39.07
KAE8371401.1	XP_014544174.1	23.721	215	142	4	24	230	26	226	9.45e-09	62.8	40.93
KAE8371401.1	KIE00097.1	27.273	220	135	8	24	228	27	236	9.48e-09	62.4	41.36
KAE8371401.1	ATY62876.1	33.566	143	83	4	17	150	20	159	1.03e-08	63.2	46.85
KAE8371401.1	KFA55225.1	26.000	200	122	5	22	220	26	200	1.04e-08	61.6	43.50
KAE8371401.1	XP_008602653.1	28.837	215	108	8	24	217	27	217	1.09e-08	62.8	40.00
KAE8371401.1	KAF1738174.1	28.837	215	108	8	24	217	27	217	1.10e-08	62.8	40.00
KAE8371401.1	TQV90021.1	27.426	237	139	11	10	226	8	231	1.47e-08	61.6	43.04
KAE8371401.1	PQK15772.1	28.837	215	108	8	24	217	27	217	1.69e-08	62.0	40.47
KAE8371401.1	KJK86433.1	33.083	133	79	4	24	148	27	157	1.78e-08	61.6	45.86
KAE8371401.1	KHN98264.1	26.953	256	160	10	19	250	22	274	1.91e-08	61.6	44.14
KAE8371401.1	OAA74987.1	25.275	273	146	10	4	233	2	259	2.17e-08	62.0	38.83
KAE8371401.1	KXN71591.1	26.840	231	139	10	24	236	19	237	2.48e-08	60.8	40.26
KAE8371401.1	KJZ76103.1	24.066	241	140	9	10	219	11	239	2.74e-08	61.2	41.49
KAE8371401.1	PVU93634.1	24.771	218	142	7	24	222	40	254	2.89e-08	61.2	42.20
KAE8371401.1	KXN64677.1	28.241	216	134	9	20	219	15	225	3.04e-08	60.8	42.13
KAE8371401.1	XP_007810799.1	28.704	216	125	11	24	219	27	233	3.15e-08	60.8	43.98
KAE8371401.1	ORX68857.1	30.233	172	106	6	17	176	16	185	3.48e-08	60.8	47.09
KAE8371401.1	KJK78363.1	33.083	133	79	4	24	148	27	157	3.68e-08	60.8	45.86
KAE8371401.1	OAA42064.1	32.110	109	70	3	18	124	56	162	3.78e-08	60.8	54.13
KAE8371401.1	CEJ93282.1	26.446	242	152	8	1	226	1	232	3.95e-08	60.5	43.39
KAE8371401.1	PMB73916.1	27.907	215	110	7	24	217	27	217	4.85e-08	60.8	39.07
KAE8371401.1	CZT04711.1	25.322	233	145	9	24	248	30	241	5.39e-08	60.1	43.78
KAE8371401.1	OLY81156.1	30.531	226	138	9	24	232	41	264	5.64e-08	60.5	44.25
KAE8371401.1	KXN75006.1	25.806	217	140	9	20	226	18	223	6.29e-08	59.7	42.40
KAE8371401.1	XP_006673219.1	29.114	158	100	4	2	150	5	159	6.36e-08	60.5	44.30
KAE8371401.1	KGQ03168.1	28.372	215	109	8	24	217	27	217	6.38e-08	60.5	40.00
KAE8371401.1	ORX84055.1	24.670	227	149	10	17	228	36	255	8.11e-08	59.7	44.05
KAE8371401.1	KAF2211164.1	24.500	200	124	6	29	220	47	227	8.17e-08	59.7	43.00
KAE8371401.1	KXN65109.1	29.412	255	153	11	9	247	9	252	8.23e-08	59.7	38.82
KAE8371401.1	CZT49829.1	25.110	227	153	7	24	248	30	241	8.56e-08	59.3	42.73
KAE8371401.1	KXN69891.1	29.545	220	128	11	20	222	19	228	8.93e-08	59.3	40.91
KAE8371401.1	OMJ17111.1	26.768	198	133	6	21	214	22	211	9.35e-08	59.3	43.43
KAE8371401.1	KEY70811.1	26.829	164	113	4	55	217	4	161	1.06e-07	58.2	46.34
KAE8371401.1	PVU87205.1	30.178	169	102	5	53	209	76	240	1.26e-07	59.7	43.20
KAE8371401.1	OMJ07438.1	31.000	200	118	8	24	210	43	235	1.31e-07	59.7	43.00
KAE8371401.1	ESZ91468.1	24.576	236	162	8	11	237	8	236	1.38e-07	58.9	41.53
KAE8371401.1	TWU79161.1	31.193	109	71	3	18	124	56	162	1.44e-07	58.9	53.21
KAE8371401.1	PVV00766.1	27.228	202	124	9	24	209	114	308	1.45e-07	59.7	46.04
KAE8371401.1	PVU85718.1	27.136	199	134	6	22	211	56	252	1.47e-07	59.7	45.23
KAE8371401.1	PVU84971.1	26.087	230	153	7	18	235	37	261	2.62e-07	58.9	41.74
KAE8371401.1	KID86959.1	25.311	241	153	9	24	248	27	256	2.75e-07	58.5	41.91
KAE8371401.1	PIA13337.1	26.316	209	141	8	21	219	36	241	3.10e-07	58.5	45.45
KAE8371401.1	PVU86815.1	27.778	198	129	7	24	211	41	234	3.36e-07	58.2	44.44
KAE8371401.1	ORX70491.1	26.042	192	106	6	24	212	24	182	3.51e-07	57.8	41.67
KAE8371401.1	OMJ29224.1	26.263	198	134	6	21	214	22	211	3.73e-07	57.8	42.93
KAE8371401.1	XP_007825594.2	25.676	222	115	8	24	219	27	224	4.28e-07	57.4	39.19
KAE8371401.1	OAA34108.1	26.339	224	132	8	24	219	27	245	4.44e-07	57.8	41.52
KAE8371401.1	KFG79432.1	23.558	208	131	6	24	220	28	218	4.44e-07	58.2	42.79
KAE8371401.1	PVU94792.1	28.293	205	127	7	21	211	36	234	4.52e-07	57.8	40.98
KAE8371401.1	KJK82903.1	25.714	210	131	10	24	219	27	225	5.16e-07	57.8	47.14
KAE8371401.1	OMH84798.1	26.512	215	138	9	24	225	63	270	6.21e-07	57.8	46.98
KAE8371401.1	OSS44148.1	43.548	62	31	1	24	85	31	88	6.22e-07	54.3	61.29
KAE8371401.1	KID93691.1	34.586	133	78	4	24	150	30	159	6.87e-07	57.4	48.12
KAE8371401.1	OMJ19318.1	29.703	202	116	9	24	209	42	233	7.40e-07	57.4	44.55
KAE8371401.1	OMH83547.1	29.245	212	128	9	24	219	15	220	7.72e-07	56.6	45.28
KAE8371401.1	PVU90957.1	30.275	218	130	8	19	219	58	270	8.72e-07	57.0	43.58
KAE8371401.1	OMH83314.1	29.245	212	128	9	24	219	15	220	1.01e-06	57.0	45.28
KAE8371401.1	PVU86190.1	28.019	207	130	6	53	244	76	278	1.06e-06	57.0	40.10
KAE8371401.1	KFG83835.1	33.654	104	65	3	23	124	63	164	1.06e-06	56.6	50.00
KAE8371401.1	KXN72956.1	27.907	215	128	9	24	220	27	232	1.08e-06	56.2	40.47
KAE8371401.1	KAE8162825.1	24.691	243	139	9	24	248	22	238	1.22e-06	55.8	39.09
KAE8371401.1	KID90854.1	32.692	104	66	3	23	124	62	163	1.35e-06	56.2	49.04
KAE8371401.1	KXN67074.1	29.808	208	118	10	20	210	11	207	1.44e-06	55.8	42.79
KAE8371401.1	OMJ17110.1	30.657	137	90	3	14	150	16	147	1.49e-06	54.7	45.99
KAE8371401.1	KID86698.1	33.582	134	82	3	24	150	30	163	1.66e-06	56.6	47.76
KAE8371401.1	XP_014542522.1	24.638	207	138	8	24	219	27	226	1.80e-06	56.2	43.96
KAE8371401.1	EXU94646.1	34.211	114	64	4	24	133	27	133	1.81e-06	55.8	50.00
KAE8371401.1	KFG78719.1	24.299	214	141	8	24	227	27	229	1.88e-06	56.2	45.33
KAE8371401.1	ORX71664.1	25.751	233	151	8	4	215	7	238	2.12e-06	55.5	43.78
KAE8371401.1	XP_014540271.1	28.780	205	124	9	27	220	30	223	2.12e-06	55.5	47.80
KAE8371401.1	KXN65112.1	28.571	217	132	10	20	219	15	225	2.19e-06	55.5	40.55
KAE8371401.1	TVY51959.1	29.032	124	81	3	90	208	10	131	2.44e-06	54.3	41.13
KAE8371401.1	CZT08527.1	24.569	232	157	7	24	248	30	250	2.67e-06	55.1	41.81
KAE8371401.1	ORX93801.1	26.754	228	148	9	20	232	24	247	2.93e-06	55.1	40.35
KAE8371401.1	KJK76139.1	27.094	203	131	7	27	220	30	224	3.03e-06	55.1	43.35
KAE8371401.1	XP_007826539.1	33.333	114	65	4	24	133	27	133	3.03e-06	55.1	50.00
KAE8371401.1	RKP04833.1	23.348	227	126	8	24	210	4	222	3.19e-06	55.5	38.77
KAE8371401.1	KID95571.1	24.638	207	137	8	24	219	27	225	3.29e-06	55.5	44.93
KAE8371401.1	XP_007819064.1	33.010	103	65	3	23	123	63	163	3.39e-06	55.1	49.51
KAE8371401.1	KXN66306.1	27.895	190	115	7	36	210	39	221	3.59e-06	54.3	41.05
KAE8371401.1	XP_018701376.1	28.507	221	124	10	24	220	27	237	3.62e-06	55.1	42.53
KAE8371401.1	PVU88006.1	24.365	197	134	6	24	210	18	209	4.08e-06	54.7	43.15
KAE8371401.1	PVU96842.1	26.400	250	154	11	18	249	106	343	4.11e-06	55.1	43.60
KAE8371401.1	PHH80853.1	30.909	110	69	4	24	128	27	134	4.53e-06	53.9	54.55
KAE8371401.1	KJK84582.1	32.692	104	66	3	23	124	63	164	4.57e-06	54.7	49.04
KAE8371401.1	XP_007808509.1	34.234	111	61	3	24	133	26	125	4.69e-06	54.3	46.85
KAE8371401.1	KXN69889.1	27.354	223	138	9	17	225	15	227	4.78e-06	54.3	40.36
KAE8371401.1	KXN66278.1	28.283	198	124	8	24	210	18	208	5.15e-06	54.3	41.92
KAE8371401.1	XP_007810700.1	33.000	100	63	3	27	124	69	166	5.15e-06	54.7	49.00
KAE8371401.1	PQK10033.1	25.381	197	105	6	49	219	50	230	5.27e-06	54.7	40.61
KAE8371401.1	PVV00700.1	24.286	210	142	7	24	221	6	210	5.78e-06	54.3	42.38
KAE8371401.1	KFG78230.1	30.597	134	76	4	24	147	27	153	5.99e-06	52.8	43.28
KAE8371401.1	XP_007824191.2	30.075	133	85	4	24	148	30	162	6.31e-06	54.7	47.37
KAE8371401.1	PVU98699.1	26.531	245	156	10	22	247	47	286	6.71e-06	54.7	40.82
KAE8371401.1	OLY81098.1	28.947	152	82	3	24	150	29	179	7.21e-06	54.3	40.13
KAE8371401.1	KID95677.1	27.941	204	116	9	24	219	62	242	8.11e-06	54.3	41.67
KAE8371401.1	KID80910.1	32.039	103	66	3	23	123	62	162	8.59e-06	53.9	48.54
KAE8371401.1	KXN70374.1	27.234	235	137	13	4	217	6	227	8.73e-06	53.5	44.26
KAE8371401.1	OLY85525.1	28.977	176	118	4	40	209	48	222	8.90e-06	54.3	40.91
KAE8371401.1	OMJ28517.1	25.000	196	134	6	24	211	28	218	1.02e-05	54.3	43.37
KAE8371401.1	PVU95508.1	32.407	108	65	2	53	152	76	183	1.41e-05	53.5	46.30
KAE8371401.1	CDM31849.1	25.131	191	109	8	24	209	22	183	1.42e-05	52.0	43.98
KAE8371401.1	KJZ74975.1	26.540	211	133	8	24	219	25	228	1.56e-05	53.5	40.76
KAE8371401.1	XP_007817109.2	25.670	261	148	12	11	233	9	261	1.66e-05	53.1	41.00
KAE8371401.1	RAL65258.1	46.774	62	29	1	24	85	39	96	1.81e-05	51.2	61.29
KAE8371401.1	OMJ19414.1	26.087	230	151	7	24	238	40	265	1.81e-05	52.8	39.13
KAE8371401.1	XP_008598593.1	32.967	91	54	2	24	111	27	113	1.92e-05	53.1	50.55
KAE8371401.1	EXU99238.1	23.697	211	132	7	24	220	26	221	1.96e-05	52.8	42.18
KAE8371401.1	KID87254.1	32.000	100	64	3	27	124	68	165	2.20e-05	52.8	48.00
KAE8371401.1	XP_007817605.1	24.000	200	137	7	24	219	27	215	2.23e-05	52.8	46.00
KAE8371401.1	ORX66136.1	30.380	237	125	10	21	230	17	240	2.56e-05	52.8	43.46
KAE8371401.1	KXN67075.1	26.887	212	139	9	20	221	15	220	2.78e-05	52.0	40.57
KAE8371401.1	KXN67065.1	26.961	204	133	7	20	211	15	214	2.87e-05	52.0	39.71
KAE8371401.1	KXN67066.1	27.094	203	131	8	20	211	13	209	3.27e-05	52.0	39.41
KAE8371401.1	OMJ18634.1	29.730	111	63	4	24	124	34	139	3.30e-05	52.4	49.55
KAE8371401.1	KXN64658.1	29.756	205	120	9	20	210	19	213	3.39e-05	52.0	39.51
KAE8371401.1	OMJ12184.1	28.571	217	139	10	24	228	19	231	3.69e-05	52.0	40.55
KAE8371401.1	XP_007824039.1	25.000	216	136	9	24	222	26	232	3.88e-05	52.0	42.13
KAE8371401.1	EXU94618.1	34.109	129	68	6	11	133	9	126	3.89e-05	52.0	51.16
KAE8371401.1	KXJ85217.1	29.524	105	61	2	24	119	8	108	3.97e-05	50.1	51.43
KAE8371401.1	XP_007816308.1	22.430	214	143	6	24	219	27	235	3.98e-05	52.0	42.52
KAE8371401.1	ATY64450.1	26.818	220	127	10	24	220	27	235	4.98e-05	51.6	41.82
KAE8371401.1	KXN67069.1	27.397	219	135	7	9	211	9	219	5.17e-05	51.2	36.99
KAE8371401.1	OMJ14161.1	27.897	233	141	10	18	231	28	252	5.37e-05	51.6	41.63
KAE8371401.1	KXN66351.1	24.444	225	148	8	36	247	23	238	5.65e-05	51.2	39.11
KAE8371401.1	ORX74092.1	32.710	107	64	3	17	117	16	120	6.81e-05	51.2	50.47
KAE8371401.1	KXN65110.1	26.168	214	137	8	20	219	15	221	7.09e-05	50.8	39.25
KAE8371401.1	OMJ19162.1	30.653	199	121	7	50	233	70	266	7.63e-05	51.2	42.21
KAE8371401.1	PWA01348.1	26.122	245	157	10	22	247	47	286	8.17e-05	51.2	40.41
KAE8371401.1	PVZ97668.1	26.122	245	157	10	22	247	47	286	8.24e-05	51.2	40.41
KAE8371401.1	OMJ19415.1	29.730	222	125	12	20	219	35	247	1.11e-04	50.4	42.79
KAE8371401.1	KXN72756.1	27.650	217	140	9	20	225	17	227	1.15e-04	50.4	37.79
KAE8371401.1	KXN66279.1	27.273	198	126	9	24	210	18	208	1.31e-04	50.1	41.41
KAE8371401.1	OMJ18145.1	26.389	216	135	9	10	209	9	216	1.40e-04	50.8	42.59
KAE8371401.1	OMJ25001.1	27.854	219	144	9	1	209	23	237	1.46e-04	50.4	39.27
KAE8371401.1	OMJ23688.1	28.384	229	145	9	18	231	28	252	1.48e-04	50.1	42.36
KAE8371401.1	KXN67816.1	24.444	180	120	5	48	212	30	208	1.58e-04	49.7	42.78
KAE8371401.1	OMJ25850.1	26.027	219	132	8	24	219	45	256	1.63e-04	50.8	40.18
KAE8371401.1	RKP38619.1	26.636	214	135	9	24	221	29	236	1.65e-04	50.1	43.93
KAE8371401.1	OMJ20376.1	27.586	232	141	10	19	231	1	224	1.67e-04	50.1	41.38
KAE8371401.1	AAR91718.1	30.769	117	73	2	63	174	1	114	1.90e-04	48.1	46.15
KAE8371401.1	KHN96901.1	31.193	109	71	3	18	124	58	164	1.91e-04	50.1	47.71
KAE8371401.1	OMJ21747.1	28.426	197	125	8	24	209	5	196	2.15e-04	50.1	43.65
KAE8371401.1	OMJ12795.1	29.000	200	128	9	20	209	40	235	2.27e-04	49.7	40.00
KAE8371401.1	OMJ08298.1	28.169	213	119	8	18	210	37	235	2.31e-04	49.7	39.91
KAE8371401.1	OMJ09317.1	28.426	197	125	8	24	209	42	233	2.37e-04	50.1	43.65
KAE8371401.1	PVU99235.1	27.778	180	116	5	53	221	76	252	2.44e-04	50.1	40.56
KAE8371401.1	PWA01752.1	26.606	218	126	10	53	248	68	273	2.58e-04	49.3	40.37
KAE8371401.1	OMJ28110.1	27.184	206	130	7	18	210	37	235	2.67e-04	49.7	41.75
KAE8371401.1	OMJ19801.1	28.500	200	122	7	50	232	70	265	2.73e-04	49.3	44.00
KAE8371401.1	PVU91161.1	27.586	174	104	7	53	212	68	233	2.80e-04	49.3	42.53
KAE8371401.1	OMJ30026.1	29.204	226	135	12	1	209	1	218	2.81e-04	49.7	44.25
KAE8371401.1	PWA01852.1	23.529	170	114	4	52	210	2	166	2.90e-04	49.3	40.00
KAE8371401.1	KID86192.1	40.000	75	36	2	24	98	27	92	3.18e-04	46.2	56.00
KAE8371401.1	OMJ23648.1	24.255	235	149	7	24	238	40	265	3.49e-04	49.3	37.45
KAE8371401.1	PVU87005.1	28.636	220	124	12	24	219	86	296	3.72e-04	49.3	42.73
KAE8371401.1	OMJ09020.1	26.957	230	149	7	24	238	40	265	3.76e-04	48.9	37.39
KAE8371401.1	ORX70197.1	27.439	164	104	7	24	175	67	227	3.87e-04	48.9	48.78
KAE8371401.1	XP_007817864.1	22.541	244	154	9	24	247	25	253	4.04e-04	48.5	39.75
KAE8371401.1	XP_014539507.1	26.277	137	85	4	24	148	30	162	4.22e-04	49.3	47.45
KAE8371401.1	XP_014539839.1	22.541	244	154	9	24	247	25	253	4.96e-04	48.5	39.34
KAE8371401.1	PVU85896.1	26.257	179	122	3	53	221	79	257	5.30e-04	48.9	39.66
KAE8371401.1	ORX68054.1	25.373	201	127	6	24	214	60	247	6.19e-04	48.5	38.81
KAE8371401.1	ORX74896.1	24.651	215	144	9	24	222	28	240	6.29e-04	48.1	39.07
KAE8371401.1	OMJ25768.1	28.959	221	129	12	20	221	35	246	6.53e-04	48.1	44.34
KAE8371401.1	PVV01830.1	26.590	173	110	5	24	180	64	235	6.66e-04	48.5	41.04
KAE8371401.1	OLY79757.1	24.868	189	123	7	53	230	82	262	6.74e-04	48.1	44.44
KAE8371401.1	PIA18469.1	26.000	250	141	13	8	226	19	255	6.75e-04	48.5	42.80
KAE8371401.1	PVU95736.1	26.291	213	145	5	21	222	37	248	6.77e-04	48.1	38.50
KAE8371401.1	OMJ25769.1	24.255	235	149	7	24	238	40	265	6.91e-04	48.1	37.02
KAE8371401.1	KJK77164.1	23.887	247	147	9	24	247	25	253	7.33e-04	47.8	38.87
KAE8371401.1	OLY78877.1	24.868	189	123	7	53	230	82	262	7.74e-04	48.1	44.44
KAE8371401.1	OMJ25202.1	24.880	209	129	7	19	210	37	234	7.86e-04	48.1	39.23
KAE8371401.1	XP_014544005.1	33.333	90	53	2	24	113	27	109	8.80e-04	46.6	47.78
KAE8371401.1	OAR01253.1	23.016	252	127	9	24	219	28	268	0.001	48.1	36.90
KAE8371401.1	KFG80742.1	23.482	247	148	9	24	247	25	253	0.001	47.8	38.87
KAE8371401.1	XP_014548582.1	30.973	113	71	2	24	132	27	136	0.001	47.4	47.79
KAE8371401.1	PVV02711.1	27.193	228	151	7	19	232	58	284	0.001	47.8	40.79
KAE8371401.1	OMJ25955.1	29.167	216	115	12	16	209	19	218	0.001	47.8	43.06
KAE8371401.1	XP_014540864.1	25.000	208	131	9	26	220	29	224	0.001	47.0	42.31
KAE8371401.1	KXN72761.1	28.767	219	132	12	20	222	17	227	0.001	47.0	38.36
KAE8371401.1	KAF1739800.1	25.540	278	148	12	24	251	25	293	0.002	47.4	38.49
KAE8371401.1	KXN69890.1	33.566	143	76	7	20	151	19	153	0.002	46.6	41.26
KAE8371401.1	KXN69888.1	26.344	186	116	7	49	220	20	198	0.002	46.2	40.86
KAE8371401.1	PVU87670.1	24.706	170	118	5	53	212	927	1096	0.002	47.4	44.12
KAE8371401.1	OMJ23085.1	29.384	211	121	10	16	209	19	218	0.002	47.0	41.71
KAE8371401.1	OMJ15650.1	26.047	215	133	8	24	219	38	245	0.002	46.6	40.00
KAE8371401.1	OMJ18774.1	27.490	251	137	13	1	219	3	240	0.002	47.0	42.23
KAE8371401.1	KID91378.1	22.541	244	154	9	24	247	25	253	0.003	46.2	39.34
KAE8371401.1	PVU85637.1	23.585	212	145	5	53	247	76	287	0.003	46.6	39.62
KAE8371401.1	ORX67660.1	24.664	223	138	6	24	225	29	242	0.003	46.6	39.46
KAE8371401.1	KXN64573.1	24.859	177	107	8	53	212	54	221	0.003	46.2	42.37
KAE8371401.1	KXN67067.1	28.962	183	107	9	53	217	3	180	0.003	45.8	41.53
KAE8371401.1	PVV00741.1	29.464	112	66	4	4	106	2	109	0.003	43.9	46.43
KAE8371401.1	PVU94636.1	25.871	201	117	13	40	220	56	244	0.004	46.6	48.76
KAE8371401.1	PVV03274.1	25.871	201	131	8	24	213	80	273	0.004	46.2	44.78
KAE8371401.1	PVV03278.1	25.373	201	132	8	24	213	80	273	0.004	46.2	44.78
KAE8371401.1	PVU91470.1	25.871	201	131	8	24	213	80	273	0.004	45.8	44.78
KAE8371401.1	KXN70433.1	26.484	219	133	11	24	225	34	241	0.005	45.4	42.47
KAE8371401.1	PVU95204.1	25.000	192	130	9	40	220	55	243	0.006	45.8	47.40
KAE8371401.1	XP_018699547.1	30.435	92	50	3	50	135	8	91	0.006	43.1	47.83
KAE8371401.1	OMH81732.1	25.592	211	138	8	24	221	35	239	0.007	45.4	42.18
KAE8371401.1	PVZ97157.1	25.263	190	122	10	45	220	60	243	0.007	45.8	46.84
KAE8371401.1	OLY85522.1	28.049	164	108	6	53	208	63	224	0.007	45.4	42.07
KAE8371401.1	OMJ24033.1	28.436	211	129	11	24	220	41	243	0.008	45.4	47.39
KAE8371401.1	KXN64997.1	25.523	239	155	10	24	247	2	232	0.010	44.3	38.91
KAE8371401.1	PVU95151.1	27.461	193	122	11	40	219	56	243	0.011	45.1	47.67
KAE8371401.1	PWA00260.1	27.461	193	122	11	40	219	56	243	0.012	45.1	47.67
KAE8371401.1	OMH85966.1	24.883	213	136	10	24	219	54	259	0.012	44.7	42.25
KAE8371401.1	EXU98441.1	22.363	237	126	9	10	212	3	215	0.013	44.7	37.55
KAE8371401.1	ORX74966.1	24.783	230	141	10	24	232	23	241	0.014	44.3	42.17
KAE8371401.1	OMH83672.1	27.041	196	128	9	24	209	41	231	0.015	44.7	42.86
KAE8371401.1	OMJ13126.1	34.848	66	40	1	19	84	20	82	0.015	42.0	51.52
KAE8371401.1	ORX67955.1	24.684	158	97	6	24	163	16	169	0.019	43.9	42.41
KAE8371401.1	KXN67071.1	26.966	178	104	6	53	211	49	219	0.020	43.5	38.76
KAE8371401.1	OMJ10854.1	22.685	216	145	7	16	218	34	240	0.020	43.9	39.35
KAE8371401.1	PWA02952.1	24.227	194	127	10	40	219	13	200	0.022	43.1	45.88
KAE8371401.1	OMJ07625.1	25.701	214	142	8	18	219	19	227	0.024	43.5	41.12
KAE8371401.1	OLY80534.1	23.214	224	154	10	18	227	36	255	0.026	43.9	43.75
KAE8371401.1	OLY78428.1	27.933	179	108	9	53	221	75	242	0.027	43.5	43.02
KAE8371401.1	XP_007824486.1	29.752	121	72	5	10	123	3	117	0.029	43.1	46.28
KAE8371401.1	KXN66272.1	25.806	186	126	6	35	209	8	192	0.030	42.7	40.32
KAE8371401.1	PVU85227.1	24.227	194	127	10	40	219	56	243	0.036	43.1	46.39
KAE8371401.1	OMJ20799.1	24.670	227	148	9	17	228	35	253	0.037	43.1	37.00
KAE8371401.1	PIA16415.1	26.222	225	135	11	24	221	25	245	0.039	43.1	43.56
KAE8371401.1	PWA02778.1	27.000	200	129	9	22	209	47	241	0.046	43.1	43.50
KAE8371401.1	AAR91719.1	28.662	157	94	6	63	209	3	151	0.060	41.2	39.49
KAE8371401.1	OMJ11229.1	22.685	216	145	8	16	218	34	240	0.068	42.4	38.89
KAE8371401.1	PVU84717.1	26.667	150	98	6	21	159	36	184	0.071	41.6	44.67
KAE8371401.1	XP_006669487.1	26.923	208	125	9	24	220	121	312	0.074	42.4	41.83
KAE8371401.1	KHN95803.1	26.577	222	110	12	24	219	29	223	0.085	42.0	40.09
KAE8371401.1	PVU97651.1	26.639	244	159	10	22	250	47	285	0.086	42.4	41.80
KAE8371401.1	OMJ20362.1	27.053	207	122	11	24	219	41	229	0.13	41.6	46.86
KAE8371401.1	KXN66273.1	22.034	236	164	8	29	247	33	265	0.16	40.8	36.44
KAE8371401.1	OMJ16681.1	28.111	217	125	12	24	219	43	249	0.18	41.6	44.24
KAE8371401.1	OMJ21753.1	24.757	206	142	7	24	219	7	209	0.18	40.8	40.29
KAE8371401.1	OMJ17696.1	24.537	216	144	8	20	219	33	245	0.24	40.4	40.74
KAE8371401.1	OMJ22437.1	24.277	173	120	5	53	221	72	237	0.32	40.0	39.31
KAE8371401.1	KGQ04007.1	24.910	277	151	11	24	251	25	293	0.34	40.0	36.82
KAE8371401.1	XP_007823074.1	27.404	208	126	9	26	220	29	224	0.34	40.0	41.83
KAE8371401.1	OMH86359.1	30.894	123	62	5	24	123	36	158	0.35	40.0	47.97
KAE8371401.1	ORX71555.1	26.562	128	78	4	24	150	31	143	0.38	39.7	44.53
KAE8371401.1	EXU98743.1	23.153	203	122	7	24	220	27	201	0.39	40.0	41.38
KAE8371401.1	XP_014546453.1	22.330	206	133	7	24	219	28	216	0.43	39.7	40.29
KAE8371401.1	OLY82572.1	22.165	194	141	6	24	210	35	225	0.46	39.3	42.78
KAE8371401.1	OMJ15949.1	24.865	185	124	8	47	223	65	242	0.66	39.3	41.08
KAE8371401.1	OMJ30145.1	26.364	220	122	10	24	220	19	221	0.67	39.3	40.91
KAE8371401.1	ORZ05461.1	23.077	247	139	10	22	225	22	260	0.71	39.3	39.68
KAE8371401.1	KXN67806.1	24.339	189	115	10	51	220	55	234	0.87	38.5	45.50
KAE8371401.1	SAL96519.1	25.556	270	136	13	1	219	1	256	0.94	38.9	39.63
KAE8371401.1	PIA14846.1	23.560	191	129	7	13	190	32	218	0.97	38.9	41.88
KAE8371401.1	PWA01139.1	27.717	184	106	11	53	219	70	243	1.2	38.9	45.11
KAE8371401.1	RKP37996.1	23.707	232	136	8	20	215	39	265	1.3	38.1	37.07
KAE8371401.1	ORY00794.1	24.737	190	113	7	53	221	12	192	1.4	38.1	40.53
KAE8371401.1	SAL98243.1	27.979	193	101	11	47	212	24	205	1.8	38.1	40.41
KAE8371401.1	PVU99938.1	25.137	183	120	10	49	219	66	243	2.0	38.1	47.54
KAE8371401.1	PVZ99843.1	25.137	183	120	10	49	219	66	243	2.1	38.1	47.54
KAE8371401.1	SAL96520.1	23.316	193	121	6	49	219	71	258	2.6	37.4	39.38
KAE8371401.1	KXN66274.1	21.495	214	148	8	51	247	63	273	2.7	37.4	35.05
KAE8371401.1	RKP26818.1	27.000	100	65	4	36	132	1	95	3.0	36.6	43.00
KAE8371401.1	KGQ02397.1	24.434	221	122	9	24	219	27	227	4.1	37.0	37.56
KAE8371401.1	RKP38620.1	24.684	158	106	6	63	209	1	156	4.3	35.8	41.14
KAE8371401.1	RKK86458.1	39.286	56	33	1	191	246	2588	2642	4.7	37.4	50.00
KAE8371401.1	OMJ07553.1	38.983	59	24	2	24	70	61	119	4.7	37.0	54.24
KAE8371401.1	RKK99902.1	39.286	56	33	1	191	246	2584	2638	4.7	37.0	50.00
KAE8371401.1	PVU85554.1	22.564	195	139	6	49	233	72	264	5.2	36.6	38.46
KAE8371401.1	OMJ08681.1	60.000	20	8	0	51	70	6	25	8.0	36.2	85.00
KAE8371401.1	KXN74420.1	23.013	239	159	11	24	247	73	301	8.8	35.8	40.17
KAE8371401.1	OMJ24442.1	33.898	59	27	1	24	70	61	119	9.0	35.8	50.85
KAE8371401.1	PVU98963.1	21.138	246	133	7	24	211	33	275	10.0	35.8	38.62


