Query_14504	XP_659970.1	100.000	249	0	0	1	249	1	249	3.67e-179	501	100.00
Query_14504	XP_026603610.1	84.348	230	36	0	20	249	163	392	1.08e-139	407	92.17
Query_14504	OJI98846.1	73.494	249	63	1	1	249	1	246	6.93e-124	361	83.13
Query_14504	OJJ64742.1	70.400	250	70	2	1	249	1	247	4.32e-119	349	82.00
Query_14504	CEL09341.1	71.486	249	68	2	1	249	1	246	3.49e-118	347	81.93
Query_14504	KGO68710.1	54.585	229	103	1	22	249	19	247	9.09e-82	254	70.31
Query_14504	XP_022900615.1	53.571	252	108	2	6	249	3	253	7.37e-80	250	65.08
Query_14504	XP_022900619.1	53.175	252	109	2	6	249	3	253	1.01e-79	249	65.08
Query_14504	XP_025545977.1	55.263	228	101	1	23	249	20	247	3.91e-79	248	67.11
Query_14504	XP_019878705.1	52.119	236	110	2	14	249	1	233	5.73e-79	247	66.53
Query_14504	XP_022900611.1	53.600	250	107	2	6	247	3	251	7.36e-79	247	64.80
Query_14504	XP_022900612.1	52.778	252	110	2	6	249	3	253	1.92e-78	246	65.08
Query_14504	XP_022900618.1	54.310	232	105	1	18	249	23	253	2.64e-78	246	67.67
Query_14504	XP_022919497.1	50.996	251	115	2	6	249	3	252	4.17e-78	245	63.75
Query_14504	XP_019878559.1	50.775	258	114	4	1	249	1	254	6.81e-78	245	64.34
Query_14504	XP_022900614.1	52.381	252	111	2	6	249	3	253	5.52e-77	243	63.10
Query_14504	XP_022900613.1	52.381	252	111	2	6	249	3	253	5.96e-77	243	63.89
Query_14504	XP_025508514.1	49.160	238	116	2	15	249	14	249	9.33e-77	242	65.97
Query_14504	XP_019871943.1	54.825	228	100	2	23	249	371	596	6.43e-76	250	68.86
Query_14504	XP_019871943.1	48.603	179	88	3	23	199	33	209	1.02e-42	163	63.69
Query_14504	XP_022909393.1	51.304	230	111	1	20	249	30	258	6.83e-76	240	66.96
Query_14504	XP_022911341.1	51.304	230	111	1	20	249	30	258	7.45e-76	240	66.96
Query_14504	XP_017773892.1	53.043	230	106	2	20	249	25	252	2.79e-75	238	66.52
Query_14504	XP_019878700.1	51.915	235	111	2	15	249	24	256	2.75e-74	236	67.23
Query_14504	XP_022904433.1	51.739	230	110	1	20	249	36	264	1.10e-73	234	64.35
Query_14504	XP_025441762.1	48.117	239	118	3	15	249	14	250	1.40e-73	234	65.27
Query_14504	XP_017769480.1	53.043	230	107	1	20	249	18	246	1.55e-73	233	63.48
Query_14504	XP_017773891.1	54.825	228	100	3	23	249	28	253	1.63e-73	234	67.11
Query_14504	XP_019876791.1	54.741	232	103	2	18	249	429	658	1.65e-73	246	68.10
Query_14504	XP_019876791.1	35.870	184	112	4	19	201	69	247	2.64e-26	117	59.78
Query_14504	XP_019876791.1	38.037	163	75	4	73	232	275	414	3.48e-20	100	52.76
Query_14504	XP_017782890.1	52.174	230	109	1	20	249	25	253	2.16e-73	233	63.48
Query_14504	XP_021949992.1	51.064	235	114	1	11	245	50	283	3.41e-73	234	64.26
Query_14504	RZC39837.1	51.200	250	120	2	1	249	11	259	1.01e-72	232	62.00
Query_14504	XP_017782933.1	51.739	230	110	1	20	249	25	253	1.09e-72	232	63.04
Query_14504	XP_019876792.1	50.862	232	112	2	18	249	27	256	1.72e-72	231	66.81
Query_14504	XP_012350929.1	47.391	230	117	3	20	249	19	244	2.31e-72	231	68.70
Query_14504	CAA80512.1	45.852	229	124	0	21	249	46	274	3.36e-72	231	67.25
Query_14504	XP_317170.2	45.852	229	124	0	21	249	46	274	7.68e-72	230	67.25
Query_14504	XP_020054148.1	45.882	255	118	2	15	249	19	273	1.34e-71	229	61.18
Query_14504	KRT83696.1	52.174	230	109	1	20	249	29	257	3.84e-71	228	64.35
Query_14504	AAV84270.1	46.835	237	125	1	13	249	24	259	4.00e-71	228	62.45
Query_14504	XP_023015289.1	48.696	230	116	2	20	249	27	254	4.53e-71	228	68.26
Query_14504	KOX69181.1	51.293	232	108	4	18	249	25	251	1.01e-70	226	64.66
Query_14504	AAB66878.1	47.577	227	119	0	23	249	48	274	4.12e-70	226	65.64
Query_14504	WP_044372338.1	48.163	245	122	3	4	245	26	268	4.67e-70	226	63.27
Query_14504	PYI24068.1	47.107	242	112	2	23	248	1	242	5.85e-70	224	62.81
Query_14504	CAA79327.1	44.978	229	126	0	21	249	46	274	6.15e-70	225	66.38
Query_14504	XP_001848608.1	48.018	227	118	0	23	249	48	274	6.57e-70	225	64.76
Query_14504	CEN62071.1	51.429	245	110	2	10	249	8	248	8.61e-70	224	62.86
Query_14504	XP_019879197.1	55.022	229	101	2	18	246	28	254	1.34e-69	242	68.12
Query_14504	XP_019879197.1	52.814	231	107	2	18	248	359	587	5.15e-67	235	64.94
Query_14504	XP_019879197.1	51.931	233	110	2	15	247	833	1063	1.86e-66	233	66.95
Query_14504	XP_019879197.1	46.121	232	123	2	18	249	1096	1325	4.32e-57	206	60.34
Query_14504	XP_019879197.1	49.356	233	105	2	15	247	588	807	1.41e-55	202	63.95
Query_14504	XP_017780628.1	49.606	254	122	2	1	249	1	253	1.80e-69	223	61.42
Query_14504	AAA97479.1	47.391	230	119	2	21	249	46	274	2.40e-69	224	66.09
Query_14504	XP_025531739.1	46.694	242	113	2	23	248	1	242	2.57e-69	223	62.40
Query_14504	AVA17388.1	48.485	231	116	2	20	249	27	255	2.86e-69	223	65.37
Query_14504	WP_020930290.1	48.583	247	115	4	9	245	22	266	4.17e-69	223	63.16
Query_14504	XP_025832931.1	51.542	227	109	1	20	246	29	254	4.81e-69	231	64.32
Query_14504	XP_025832931.1	42.083	240	128	6	14	249	303	535	3.76e-44	166	57.08
Query_14504	XP_023015290.1	48.636	220	111	2	30	249	4	221	6.87e-69	221	69.09
Query_14504	XP_021962061.1	49.339	227	114	1	20	246	57	282	1.06e-68	223	64.76
Query_14504	XP_022919495.1	47.679	237	123	1	14	249	22	258	1.20e-68	221	57.81
Query_14504	ABZ04009.1	49.565	230	114	1	20	249	28	255	1.28e-68	221	65.22
Query_14504	WP_018537400.1	49.315	219	110	1	17	235	33	250	1.43e-68	221	64.84
Query_14504	XP_017773899.1	48.718	234	119	1	16	249	20	252	1.89e-68	221	63.68
Query_14504	XP_017773893.1	49.565	230	114	2	20	249	25	252	2.15e-68	221	66.09
Query_14504	AAX33734.1	48.052	231	117	2	20	249	27	255	2.41e-68	221	64.50
Query_14504	XP_026604603.1	48.963	241	118	5	12	249	10	248	3.16e-68	220	63.07
Query_14504	WP_038517013.1	49.784	231	111	3	18	245	42	270	3.81e-68	221	64.50
Query_14504	XP_026607957.1	51.587	252	118	4	1	249	35	285	4.87e-68	221	66.27
Query_14504	XP_017773878.1	47.748	222	115	1	17	237	22	243	5.33e-68	220	64.41
Query_14504	XP_555167.1	44.167	240	134	0	10	249	38	277	5.40e-68	221	60.42
Query_14504	XP_013099236.1	46.352	233	123	2	18	249	43	274	6.12e-68	220	63.52
Query_14504	XP_026482731.1	46.552	232	123	1	18	249	23	253	6.59e-68	219	63.79
Query_14504	XP_017773898.1	48.498	233	116	2	20	249	25	256	7.32e-68	219	63.52
Query_14504	KFB42844.1	43.777	233	131	0	17	249	39	271	7.48e-68	220	63.95
Query_14504	XP_026475234.1	45.763	236	127	1	14	249	19	253	7.59e-68	219	63.14
Query_14504	ADQ53625.1	47.391	230	119	1	20	249	26	253	1.33e-67	219	62.61
Query_14504	XP_019879572.1	52.137	234	110	2	15	248	499	730	1.41e-67	235	67.09
Query_14504	XP_019879572.1	52.814	231	107	2	18	248	25	253	1.80e-67	234	64.94
Query_14504	XP_019879572.1	46.058	241	111	5	18	249	746	976	2.05e-58	209	60.58
Query_14504	XP_019879572.1	49.145	234	104	3	15	247	254	473	5.37e-54	197	63.25
Query_14504	KOC69605.1	46.552	232	119	4	18	249	25	251	1.56e-67	218	64.22
Query_14504	CAA79328.1	44.167	240	134	0	10	249	38	277	2.01e-67	219	60.42
Query_14504	XP_005175956.2	44.681	235	128	2	16	249	79	312	2.35e-67	220	63.40
Query_14504	XP_028139948.1	50.000	224	108	1	23	246	326	545	2.44e-67	227	65.62
Query_14504	XP_028139948.1	46.957	230	117	4	20	247	27	253	1.19e-59	207	62.17
Query_14504	XP_021914447.1	49.565	230	113	2	20	249	40	266	2.49e-67	218	63.48
Query_14504	XP_017754921.1	48.498	233	113	5	18	249	26	252	3.06e-67	218	63.95
Query_14504	XP_001657786.1	45.923	233	126	0	17	249	43	275	3.92e-67	218	65.24
Query_14504	XP_026470783.1	45.798	238	128	1	12	249	35	271	6.79e-67	218	62.61
Query_14504	XP_017784502.1	47.009	234	123	1	16	249	20	252	6.99e-67	217	63.25
Query_14504	XP_016905487.1	46.087	230	119	4	20	249	31	255	9.97e-67	216	66.96
Query_14504	XP_015431215.1	46.586	249	117	5	8	245	4	247	1.86e-66	216	63.05
Query_14504	AFZ78860.1	46.444	239	125	2	12	249	19	255	2.00e-66	216	59.00
Query_14504	KZM26923.1	47.768	224	114	2	23	244	27	249	2.12e-66	216	66.07
Query_14504	ALC40486.1	49.339	227	110	3	20	245	28	250	2.14e-66	216	63.44
Query_14504	ADQ53640.1	48.696	230	116	1	20	249	26	253	2.75e-66	215	63.48
Query_14504	ADQ53643.1	48.696	230	116	1	20	249	26	253	2.93e-66	215	63.48
Query_14504	XP_967253.1	47.431	253	127	4	1	249	11	261	2.96e-66	216	60.08
Query_14504	XP_018326582.1	45.815	227	122	1	23	249	9	234	3.34e-66	214	62.56
Query_14504	XP_012286850.1	47.807	228	117	2	23	249	26	252	4.59e-66	215	60.09
Query_14504	XP_017769449.1	54.018	224	102	1	20	243	762	984	4.66e-66	232	64.29
Query_14504	XP_017769449.1	51.667	240	114	2	4	243	493	730	2.47e-64	227	62.50
Query_14504	XP_017769449.1	47.436	234	122	1	16	249	1009	1241	2.60e-60	216	63.68
Query_14504	XP_017769449.1	46.957	230	121	1	20	249	24	252	1.42e-58	211	62.61
Query_14504	XP_017769449.1	46.586	249	127	2	1	249	242	484	1.05e-56	205	58.23
Query_14504	XP_022918863.1	45.494	233	126	1	18	249	4	236	5.27e-66	214	60.09
Query_14504	CAA80516.1	40.377	265	140	2	2	249	4	267	5.45e-66	215	59.62
Query_14504	XP_018573077.1	49.099	222	112	1	23	243	28	249	6.00e-66	214	63.51
Query_14504	ADQ53639.1	48.696	230	116	1	20	249	26	253	6.84e-66	214	63.48
Query_14504	XP_317172.2	40.377	265	140	2	2	249	4	267	7.08e-66	215	59.62
Query_14504	XP_019878703.1	46.552	232	122	2	18	249	25	254	7.30e-66	214	61.21
Query_14504	XP_018333511.1	46.957	230	120	2	20	249	27	254	7.55e-66	214	64.35
Query_14504	XP_019878558.1	48.889	225	112	2	23	246	32	254	7.77e-66	214	63.56
Query_14504	XP_022921276.1	48.889	225	112	2	20	244	27	248	8.03e-66	214	62.67
Query_14504	ADQ53642.1	48.261	230	117	1	20	249	26	253	8.06e-66	214	63.48
Query_14504	XP_015525007.1	46.491	228	119	2	23	249	28	253	8.52e-66	214	63.60
Query_14504	ADQ53638.1	48.261	230	117	1	20	249	26	253	8.69e-66	214	63.04
Query_14504	KFB42847.1	43.348	233	132	0	17	249	44	276	1.09e-65	214	63.09
Query_14504	WP_067355853.1	48.624	218	111	1	18	235	34	250	1.14e-65	214	63.30
Query_14504	XP_018573076.1	45.887	231	124	1	18	247	40	270	1.17e-65	214	63.64
Query_14504	XP_025830393.1	45.815	227	122	1	23	249	38	263	1.23e-65	214	62.56
Query_14504	AAD31269.1	51.373	255	112	3	6	249	3	256	1.23e-65	214	62.35
Query_14504	ADQ53641.1	48.261	230	117	1	20	249	26	253	1.42e-65	214	63.04
Query_14504	XP_317173.2	41.250	240	141	0	10	249	36	275	1.77e-65	214	60.83
Query_14504	XP_019535855.2	45.815	227	123	0	23	249	49	275	1.79e-65	214	64.76
Query_14504	XP_017780638.1	47.826	230	119	1	20	249	25	253	1.90e-65	213	61.74
Query_14504	CAA80515.1	41.250	240	141	0	10	249	36	275	2.11e-65	214	60.42
Query_14504	XP_018573075.1	47.368	228	119	1	17	243	22	249	2.24e-65	213	62.28
Query_14504	XP_023336631.1	48.444	225	112	2	23	244	54	277	2.30e-65	214	65.78
Query_14504	XP_019551692.2	45.815	227	123	0	23	249	49	275	2.35e-65	214	64.76
Query_14504	XP_018791194.1	45.299	234	127	1	13	245	55	288	3.13e-65	214	59.83
Query_14504	KXJ78237.1	45.815	227	123	0	23	249	46	272	3.24e-65	213	64.76
Query_14504	WP_100603406.1	47.699	239	115	4	15	245	26	262	3.30e-65	213	62.34
Query_14504	XP_019869928.1	42.500	240	135	2	11	249	12	249	3.34e-65	213	59.58
Query_14504	KFB42846.1	42.562	242	139	0	8	249	23	264	3.92e-65	213	61.57
Query_14504	XP_012159280.1	44.118	238	132	1	13	249	59	296	4.39e-65	214	60.08
Query_14504	XP_003402915.1	44.397	232	124	4	18	249	25	251	6.82e-65	212	65.09
Query_14504	XP_015608818.1	47.639	233	116	5	18	248	33	261	6.83e-65	212	63.95
Query_14504	XP_003491285.1	46.121	232	120	4	18	249	25	251	8.85e-65	211	64.22
Query_14504	KFB42848.1	43.777	233	128	1	17	249	44	273	9.91e-65	212	63.52
Query_14504	XP_011187142.1	45.106	235	128	1	12	245	55	289	1.02e-64	213	58.72
Query_14504	XP_001847026.1	44.490	245	131	3	5	246	7	249	1.13e-64	211	61.63
Query_14504	ADQ53629.1	47.826	230	118	1	20	249	26	253	1.17e-64	211	63.04
Query_14504	XP_017475662.1	44.118	238	132	1	13	249	11	248	1.25e-64	211	60.08
Query_14504	ADQ53637.1	47.826	230	118	1	20	249	26	253	1.30e-64	211	63.04
Query_14504	WP_039638992.1	48.611	216	110	1	20	235	36	250	1.72e-64	211	63.43
Query_14504	XP_017890720.1	46.781	233	117	5	18	249	26	252	1.95e-64	211	65.24
Query_14504	XP_017475661.1	44.118	238	132	1	13	249	33	270	2.43e-64	211	60.08
Query_14504	XP_001120112.3	44.828	232	123	4	18	249	33	259	2.52e-64	218	64.66
Query_14504	XP_001120112.3	30.864	243	161	4	5	243	274	513	1.30e-31	132	51.44
Query_14504	P35037.5	43.805	226	127	0	23	248	49	274	3.09e-64	211	62.39
Query_14504	CAA80517.1	42.149	242	138	1	9	248	33	274	3.15e-64	211	60.33
Query_14504	ADQ53624.1	47.826	230	118	1	20	249	26	253	3.35e-64	210	62.61
Query_14504	XP_317171.2	43.805	226	127	0	23	248	42	267	3.85e-64	210	62.39
Query_14504	WP_066974658.1	49.296	213	107	1	23	235	39	250	3.96e-64	210	63.38
Query_14504	ADQ53626.1	46.087	230	122	1	20	249	26	253	3.99e-64	210	60.87
Query_14504	ADQ53623.1	47.826	230	118	1	20	249	26	253	4.60e-64	210	62.17
Query_14504	ABZ04010.1	48.696	230	116	1	20	249	30	257	4.83e-64	210	63.04
Query_14504	OXA61936.1	52.232	224	106	1	11	234	50	272	4.99e-64	225	64.73
Query_14504	QEI22865.1	49.367	237	117	3	15	249	26	261	6.29e-64	209	60.34
Query_14504	XP_022904838.1	44.589	231	125	3	20	249	28	256	7.00e-64	209	61.90
Query_14504	EAT34032.1	43.612	227	128	0	23	249	42	268	8.05e-64	209	61.23
Query_14504	AEQ55298.1	45.652	230	122	2	20	249	28	254	8.36e-64	209	63.04
Query_14504	WP_052419630.1	47.234	235	121	3	11	244	27	259	8.51e-64	209	63.40
Query_14504	AEI58570.1	46.957	230	119	2	20	249	28	254	9.22e-64	209	62.17
Query_14504	XP_030752639.1	45.299	234	121	2	23	249	45	278	9.48e-64	210	60.68
Query_14504	ADQ53631.1	47.391	230	119	1	20	249	26	253	9.84e-64	209	62.61
Query_14504	ABD57312.1	45.815	227	120	2	23	249	2	225	1.09e-63	207	63.44
Query_14504	ADQ53628.1	47.391	230	119	1	20	249	26	253	1.10e-63	209	62.61
Query_14504	WP_073447486.1	48.165	218	112	1	18	235	34	250	1.15e-63	209	62.84
Query_14504	XP_029040151.1	44.828	232	123	5	18	249	25	251	1.22e-63	209	66.81
Query_14504	WP_102923064.1	48.165	218	112	1	18	235	34	250	1.24e-63	209	62.84
Query_14504	ADQ53630.1	47.391	230	119	1	20	249	26	253	1.26e-63	209	62.61
Query_14504	ETN60642.1	45.815	227	123	0	23	249	58	284	1.28e-63	209	63.00
Query_14504	XP_023336632.1	48.000	225	113	3	23	244	38	261	1.43e-63	209	64.00
Query_14504	CEJ90625.1	44.531	256	127	5	5	249	1	252	1.44e-63	208	61.72
Query_14504	XP_011214086.1	44.255	235	130	1	12	245	54	288	1.72e-63	209	58.30
Query_14504	AEI58563.1	46.522	230	120	2	20	249	28	254	1.73e-63	208	61.74
Query_14504	XP_030752640.1	45.217	230	121	3	23	249	37	264	1.74e-63	209	60.43
Query_14504	XP_013141228.1	44.690	226	125	0	20	245	42	267	1.93e-63	209	61.50
Query_14504	AEI58594.1	45.652	230	122	2	20	249	28	254	2.06e-63	208	63.04
Query_14504	XP_017773881.1	46.512	258	126	4	1	249	326	580	2.08e-63	217	61.24
Query_14504	XP_017773881.1	45.349	258	130	3	1	249	60	315	3.15e-61	212	60.47
Query_14504	XP_017773881.1	50.000	46	23	0	204	249	1	46	4.87e-05	55.5	69.57
Query_14504	ABW17548.1	46.696	227	118	2	23	249	1	224	2.10e-63	207	62.11
Query_14504	ADQ53627.1	47.391	230	119	1	20	249	26	253	2.13e-63	208	62.61
Query_14504	XP_017797591.1	46.552	232	118	5	18	249	25	250	2.17e-63	216	64.66
Query_14504	XP_017797591.1	31.982	222	149	2	29	249	290	510	7.91e-34	137	52.25
Query_14504	AEI58591.1	45.652	230	122	2	20	249	28	254	2.45e-63	208	63.04
Query_14504	XP_018333504.1	50.439	228	111	2	23	249	66	292	2.54e-63	209	61.40
Query_14504	ALC40488.1	48.000	225	112	3	20	243	24	244	2.77e-63	207	63.56
Query_14504	AEI58582.1	45.217	230	123	2	20	249	28	254	2.82e-63	207	63.04
Query_14504	AEI58585.1	45.217	230	123	2	20	249	28	254	3.01e-63	207	63.04
Query_14504	ADQ53635.1	47.391	230	119	1	20	249	26	253	3.32e-63	207	62.61
Query_14504	AEI58566.1	46.522	230	120	2	20	249	28	254	3.36e-63	207	61.74
Query_14504	AEI58596.1	45.652	230	122	2	20	249	28	254	3.83e-63	207	63.04
Query_14504	KZC09268.1	47.807	228	114	4	18	245	62	284	4.07e-63	213	65.35
Query_14504	KZC09268.1	36.486	148	92	2	103	249	285	431	2.17e-19	97.1	52.03
Query_14504	AEI58571.1	46.522	230	120	2	20	249	28	254	4.08e-63	207	61.74
Query_14504	ADQ53633.1	47.391	230	119	1	20	249	26	253	4.13e-63	207	62.17
Query_14504	AEI58573.1	46.522	230	120	2	20	249	28	254	4.27e-63	207	61.74
Query_14504	XP_023937638.1	45.982	224	121	0	20	243	21	244	4.41e-63	207	61.61
Query_14504	ADQ53636.1	47.391	230	119	1	20	249	26	253	4.55e-63	207	62.61
Query_14504	AEI58581.1	44.783	230	124	2	20	249	28	254	4.86e-63	207	63.04
Query_14504	AEI58560.1	46.522	230	120	2	20	249	28	254	5.36e-63	207	61.74
Query_14504	AEI58561.1	46.522	230	120	2	20	249	28	254	6.31e-63	207	61.74
Query_14504	AEI58554.1	46.522	230	120	2	20	249	28	254	6.38e-63	207	61.74
Query_14504	AEI58589.1	45.217	230	123	2	20	249	28	254	6.59e-63	207	63.04
Query_14504	AEI58599.1	45.217	230	123	2	20	249	28	254	7.26e-63	207	63.04
Query_14504	AEI58587.1	45.217	230	123	2	20	249	28	254	7.50e-63	207	63.04
Query_14504	AEI58583.1	45.217	230	123	2	20	249	28	254	7.84e-63	206	62.61
Query_14504	XP_005175955.1	44.053	227	126	1	20	245	46	272	8.17e-63	207	60.79
Query_14504	ADQ53634.1	46.957	230	120	1	20	249	26	253	8.28e-63	206	62.17
Query_14504	AEI58558.1	46.087	230	121	2	20	249	28	254	9.13e-63	206	61.74
Query_14504	ACY24333.1	45.228	241	128	3	13	249	16	256	9.70e-63	206	60.58
Query_14504	XP_017835272.1	46.245	253	120	4	5	245	269	517	9.90e-63	214	60.47
Query_14504	XP_017835272.1	43.426	251	126	4	5	243	2	248	4.26e-59	205	60.16
Query_14504	XP_014103103.1	44.017	234	130	1	13	245	55	288	1.01e-62	207	58.97
Query_14504	AEI58595.1	45.217	230	123	2	20	249	28	254	1.06e-62	206	62.61
Query_14504	AEI58602.1	45.217	230	123	2	20	249	28	254	1.15e-62	206	62.61
Query_14504	XP_008084549.1	47.111	225	115	3	23	244	53	276	1.65e-62	207	64.44
Query_14504	NP_001037317.1	42.373	236	135	1	15	249	20	255	1.66e-62	206	61.86
Query_14504	AEI58584.1	44.783	230	124	2	20	249	28	254	1.81e-62	206	62.61
Query_14504	AEI58603.1	45.652	230	122	2	20	249	28	254	2.18e-62	205	62.17
Query_14504	EHK98516.1	47.111	225	115	3	23	244	43	266	2.22e-62	206	64.44
Query_14504	AEI58574.1	46.522	230	120	2	20	249	28	254	2.25e-62	205	61.30
Query_14504	XP_026481767.1	45.228	241	128	3	13	249	20	260	2.32e-62	206	60.58
Query_14504	XP_012283094.1	45.652	230	121	3	23	249	10	238	2.33e-62	205	61.74
Query_14504	AEI58562.1	46.522	230	120	2	20	249	28	254	2.35e-62	205	61.30
Query_14504	PBC29059.1	42.629	251	118	5	20	249	31	276	2.37e-62	206	60.96
Query_14504	AEI58557.1	46.522	230	120	2	20	249	28	254	2.40e-62	205	61.30
Query_14504	AEI58604.1	44.348	230	125	2	20	249	28	254	2.48e-62	205	63.04
Query_14504	AEI58598.1	45.217	230	123	2	20	249	28	254	2.62e-62	205	62.61
Query_14504	XP_019541244.2	43.426	251	134	3	1	245	2	250	2.68e-62	205	60.56
Query_14504	XP_015513371.1	43.096	239	131	4	12	249	28	262	2.90e-62	205	63.60
Query_14504	RZC38483.1	47.368	228	119	1	23	249	12	239	3.56e-62	204	58.33
Query_14504	AEI58590.1	44.783	230	124	2	20	249	28	254	3.63e-62	205	62.61
Query_14504	OAD62514.1	49.130	230	110	5	18	246	211	434	3.64e-62	216	64.35
Query_14504	OAD62514.1	30.342	234	157	3	21	249	432	664	6.93e-29	125	50.00
Query_14504	AEI58553.1	46.522	230	120	2	20	249	28	254	4.09e-62	205	61.30
Query_14504	KYB29324.1	45.299	234	126	1	14	247	238	469	4.60e-62	217	61.54
Query_14504	KYB29324.1	46.457	254	129	3	2	249	480	732	4.71e-60	211	59.06
Query_14504	KYB29324.1	44.712	208	113	1	20	227	26	231	8.82e-49	181	62.02
Query_14504	NP_001164207.1	53.704	216	98	2	35	249	44	258	4.82e-62	205	64.35
Query_14504	AEI58580.1	46.522	230	120	2	20	249	28	254	5.02e-62	204	61.30
Query_14504	AEI58564.1	46.087	230	121	2	20	249	28	254	5.30e-62	204	61.30
Query_14504	KFH43498.1	45.726	234	124	3	14	245	20	252	5.43e-62	204	64.10
Query_14504	AEI58600.1	44.783	230	124	2	20	249	28	254	5.48e-62	204	62.61
Query_14504	AEI58578.1	46.522	230	120	2	20	249	28	254	5.60e-62	204	61.74
Query_14504	AVA17393.1	44.298	228	125	1	20	247	28	253	6.49e-62	204	62.28
Query_14504	XP_025835328.1	45.494	233	124	2	20	249	30	262	6.77e-62	204	60.52
Query_14504	AEI58552.1	45.652	230	122	2	20	249	28	254	6.88e-62	204	61.30
Query_14504	AEI58593.1	44.783	230	124	2	20	249	28	254	7.11e-62	204	62.61
Query_14504	XP_003705464.1	44.492	236	126	4	14	249	23	253	7.28e-62	204	62.71
Query_14504	AEI58565.1	46.087	230	121	2	20	249	28	254	7.35e-62	204	60.87
Query_14504	AAD31268.1	47.234	235	122	2	11	244	21	254	7.67e-62	204	57.87
Query_14504	XP_014540186.1	48.018	227	115	2	21	245	28	253	8.26e-62	204	61.23
Query_14504	ALC40487.1	46.222	225	116	3	20	243	23	243	9.15e-62	204	63.11
Query_14504	OSS47322.1	46.429	224	116	3	23	243	27	249	9.25e-62	204	63.84
Query_14504	KFB43048.1	44.105	229	126	2	23	249	29	257	9.58e-62	204	62.88
Query_14504	RVE43714.1	40.741	243	139	1	3	245	13	250	9.84e-62	204	60.91
Query_14504	XP_018076546.1	48.444	225	110	4	23	244	7	228	1.06e-61	203	63.56
Query_14504	AAZ78212.1	47.577	227	117	1	23	249	32	256	1.09e-61	204	64.32
Query_14504	XP_019871944.1	43.411	258	134	2	1	249	258	512	1.11e-61	211	61.24
Query_14504	XP_019871944.1	40.000	230	132	4	23	249	42	268	1.21e-48	177	58.26
Query_14504	KXJ76926.1	42.291	227	130	1	23	249	39	264	1.12e-61	204	59.47
Query_14504	PYI34337.1	46.983	232	117	2	23	248	1	232	1.21e-61	203	63.36
Query_14504	RZC39116.1	46.087	230	122	2	21	249	8	236	1.26e-61	203	57.83
Query_14504	AEI58601.1	44.348	230	125	2	20	249	28	254	1.29e-61	203	62.61
Query_14504	XP_015839971.1	46.457	254	129	3	2	249	336	588	1.42e-61	213	59.06
Query_14504	XP_015839971.1	44.053	227	125	1	20	246	26	250	7.49e-56	197	61.67
Query_14504	XP_015839971.1	36.207	58	37	0	14	71	259	316	0.002	50.8	56.90
Query_14504	XP_014233923.1	42.259	239	133	4	12	249	24	258	1.83e-61	203	61.51
Query_14504	EAT37856.1	43.421	228	127	2	23	249	40	266	1.97e-61	203	60.96
Query_14504	XP_013099237.1	41.991	231	132	2	20	249	102	331	2.21e-61	205	61.04
Query_14504	PBP24814.1	47.881	236	116	5	13	244	29	261	2.25e-61	203	63.14
Query_14504	XP_001655419.1	43.320	247	134	3	3	245	2	246	2.40e-61	202	59.92
Query_14504	XP_030039503.1	42.920	226	129	0	20	245	25	250	2.51e-61	203	60.62
Query_14504	AEI58567.1	46.087	230	121	2	20	249	28	254	2.76e-61	202	60.87
Query_14504	CAA45715.1	42.982	228	128	2	23	249	12	238	2.87e-61	202	61.40
Query_14504	AEI58559.1	46.087	230	121	2	20	249	28	254	2.92e-61	202	61.30
Query_14504	OOQ84584.1	45.494	233	122	4	16	244	15	246	3.27e-61	202	62.66
Query_14504	AEI58586.1	44.348	230	125	2	20	249	28	254	3.29e-61	202	62.61
Query_14504	AEI58577.1	45.652	230	122	2	20	249	28	254	3.71e-61	202	60.87
Query_14504	XP_030371514.1	48.485	231	113	4	20	248	28	254	3.77e-61	202	62.34
Query_14504	XP_030751258.1	44.690	226	121	3	23	246	34	257	3.90e-61	202	63.72
Query_14504	XP_017780627.1	49.130	230	116	1	20	249	25	253	5.14e-61	202	61.74
Query_14504	XP_019880126.1	46.383	235	123	1	15	249	279	510	5.17e-61	209	62.55
Query_14504	XP_019880126.1	39.648	227	131	4	23	246	42	265	3.51e-48	176	58.59
Query_14504	XP_019768146.1	44.672	244	130	4	7	247	15	256	5.41e-61	202	59.84
Query_14504	XP_001660673.2	43.421	228	127	2	23	249	40	266	5.70e-61	202	60.53
Query_14504	WP_130584766.1	45.726	234	120	2	10	243	23	249	6.53e-61	202	58.97
Query_14504	P29787.2	42.982	228	128	2	23	249	40	266	6.63e-61	202	61.40
Query_14504	WP_006345237.1	45.726	234	120	2	10	243	5	231	6.67e-61	201	58.97
Query_14504	XP_030387889.1	48.485	231	113	4	20	248	28	254	7.00e-61	202	62.34
Query_14504	KXJ76927.1	41.850	227	131	1	23	249	40	265	7.02e-61	202	59.47
Query_14504	KPJ00051.1	43.946	223	125	0	23	245	2	224	7.66e-61	201	61.88
Query_14504	AAD31267.1	46.087	230	114	5	18	245	25	246	8.10e-61	201	63.48
Query_14504	ABC88729.1	54.167	216	97	2	35	249	44	258	8.21e-61	201	65.28
Query_14504	PBP24291.1	43.805	226	122	3	23	245	28	251	8.37e-61	201	64.16
Query_14504	XP_030561588.1	44.348	230	127	1	20	249	35	263	9.45e-61	201	59.57
Query_14504	XP_030370622.1	48.485	231	113	4	20	248	28	254	9.60e-61	201	62.34
Query_14504	AGN29625.1	48.246	228	111	3	23	244	38	264	1.02e-60	202	61.84
Query_14504	XP_028160089.1	41.991	231	134	0	15	245	19	249	1.14e-60	201	61.04
Query_14504	ATY60163.1	45.643	241	124	4	11	249	17	252	1.24e-60	201	61.00
Query_14504	RGP78819.1	44.843	223	120	3	23	243	27	248	1.26e-60	201	64.13
Query_14504	AVA17397.1	41.154	260	134	6	1	249	9	260	1.29e-60	201	61.15
Query_14504	XP_019767906.1	44.000	225	122	3	23	246	23	244	1.40e-60	201	63.56
Query_14504	XP_023288145.1	42.276	246	137	4	5	249	12	253	1.43e-60	201	59.35
Query_14504	ENN72611.1	44.000	225	122	3	23	246	27	248	1.53e-60	201	63.56
Query_14504	XP_001663895.2	42.982	228	128	2	23	249	40	266	1.58e-60	201	60.53
Query_14504	ERL84793.1	44.000	225	122	3	23	246	39	260	1.75e-60	201	63.56
Query_14504	XP_030556989.1	43.290	231	129	2	20	249	47	276	1.77e-60	201	61.04
Query_14504	XP_005175957.2	41.494	241	138	3	11	249	25	264	1.85e-60	201	60.17
Query_14504	AFB81537.1	53.704	216	98	2	35	249	44	258	1.91e-60	201	65.28
Query_14504	ABC88732.1	54.167	216	97	2	35	249	44	258	2.09e-60	201	64.81
Query_14504	PBP22320.1	47.788	226	112	4	22	244	39	261	2.12e-60	201	63.27
Query_14504	XP_002051092.1	43.478	230	129	1	20	249	35	263	2.20e-60	201	60.00
Query_14504	ABM26904.1	41.176	238	139	1	12	249	19	255	2.32e-60	200	55.88
Query_14504	XP_019767905.1	44.000	225	122	3	23	246	39	260	2.35e-60	201	63.56
Query_14504	CEJ93686.1	42.126	254	139	5	1	249	1	251	2.41e-60	200	62.20
Query_14504	XP_001660676.2	42.291	227	130	1	23	249	39	264	2.45e-60	201	60.79
Query_14504	CEJ92817.1	46.094	256	126	7	1	249	1	251	2.52e-60	200	59.77
Query_14504	XP_018563115.1	40.969	227	131	2	19	244	28	252	2.57e-60	200	59.91
Query_14504	XP_015608824.1	40.426	235	138	2	16	249	16	249	2.76e-60	200	62.55
Query_14504	ABC88730.1	53.704	216	98	2	35	249	44	258	3.40e-60	200	64.81
Query_14504	EAT37859.1	42.291	227	130	1	23	249	39	264	3.66e-60	200	60.79
Query_14504	XP_317175.2	41.379	232	136	0	18	249	42	273	3.78e-60	200	62.07
Query_14504	XP_001846194.1	40.870	230	136	0	20	249	34	263	3.96e-60	200	59.57
Query_14504	XP_018563116.1	40.969	227	131	2	19	244	23	247	4.24e-60	199	59.91
Query_14504	XP_001847361.1	41.538	260	138	4	1	249	8	264	4.26e-60	200	56.92
Query_14504	XP_022904846.1	48.718	234	117	3	18	249	25	257	4.77e-60	199	64.10
Query_14504	XP_018580028.1	44.156	231	126	2	20	249	29	257	5.09e-60	199	60.17
Query_14504	DAA64573.1	46.087	230	118	3	20	249	30	253	5.98e-60	199	63.04
Query_14504	XP_023024326.1	47.391	230	118	3	20	247	25	253	6.04e-60	207	61.30
Query_14504	XP_023024326.1	42.857	224	127	1	23	246	316	538	1.83e-56	198	62.05
Query_14504	XP_013102989.1	46.222	225	116	3	20	243	28	248	6.22e-60	199	62.22
Query_14504	XP_001866832.1	44.643	224	122	2	23	245	29	251	6.33e-60	199	61.16
Query_14504	XP_016979466.1	50.442	226	106	4	20	243	28	249	6.60e-60	199	63.72
Query_14504	XP_017835273.1	45.200	250	121	4	6	243	282	527	7.76e-60	207	60.40
Query_14504	XP_017835273.1	45.575	226	117	4	20	243	28	249	3.39e-49	179	60.62
Query_14504	XP_015609258.1	47.391	230	117	2	23	249	34	262	7.77e-60	199	59.13
Query_14504	AEI58576.1	45.652	230	122	2	20	249	28	254	7.83e-60	199	60.87
Query_14504	XP_022392614.1	44.758	248	133	3	1	245	1	247	7.86e-60	199	62.50
Query_14504	XP_017769484.1	44.841	252	130	7	1	249	3	248	9.13e-60	199	62.70
Query_14504	XP_026735963.1	43.231	229	130	0	17	245	22	250	9.20e-60	199	58.08
Query_14504	AAX45475.1	54.378	217	95	3	35	249	44	258	9.54e-60	199	65.44
Query_14504	XP_001995023.1	43.651	252	125	5	5	243	2	249	1.04e-59	199	59.92
Query_14504	XP_002052544.1	42.857	231	130	2	20	249	47	276	1.06e-59	199	61.04
Query_14504	XP_023162555.2	44.017	234	122	3	20	249	34	262	1.25e-59	199	58.12
Query_14504	XP_014210564.1	42.972	249	138	2	5	249	6	254	1.32e-59	198	57.03
Query_14504	XP_018320795.1	41.810	232	133	2	20	249	29	260	1.34e-59	199	62.07
Query_14504	CAA80514.1	43.777	233	129	2	18	249	43	274	1.38e-59	199	62.23
Query_14504	XP_017488578.1	43.913	230	127	2	17	245	34	262	1.61e-59	199	61.30
Query_14504	XP_017110611.1	42.857	231	130	2	20	249	48	277	1.65e-59	199	61.90
Query_14504	XP_015524995.1	42.982	228	127	2	23	249	38	263	1.69e-59	198	59.21
Query_14504	XP_017854761.1	42.857	231	129	3	20	249	29	257	1.70e-59	198	63.20
Query_14504	XP_015520032.1	45.652	230	121	2	23	249	31	259	1.71e-59	198	60.87
Query_14504	XP_017797590.1	44.397	232	127	2	20	249	38	269	1.98e-59	198	57.76
Query_14504	AEI58597.1	43.913	230	126	2	20	249	28	254	2.06e-59	198	62.61
Query_14504	XP_002014991.1	42.083	240	136	3	12	249	36	274	2.11e-59	198	60.83
Query_14504	XP_001356703.1	42.083	240	136	3	12	249	36	274	2.21e-59	198	60.83
Query_14504	CAA80513.1	40.517	232	138	0	18	249	42	273	2.26e-59	198	61.64
Query_14504	XP_001995024.1	46.018	226	116	4	20	243	28	249	2.54e-59	197	62.83
Query_14504	XP_017153226.1	42.083	240	136	3	12	249	36	274	2.60e-59	198	60.83
Query_14504	XP_007825781.1	46.696	227	118	2	21	245	28	253	2.69e-59	197	59.47
Query_14504	XP_006668703.1	45.570	237	122	4	15	249	21	252	2.80e-59	197	61.18
Query_14504	RZC38769.1	47.748	222	113	1	20	238	234	455	3.05e-59	211	63.51
Query_14504	RZC38769.1	45.652	230	124	1	20	249	678	906	3.49e-57	206	58.70
Query_14504	RZC38769.1	46.018	226	119	2	24	249	1	223	1.20e-56	204	64.16
Query_14504	RZC38769.1	47.393	211	109	2	23	231	459	669	1.16e-51	190	58.77
Query_14504	KNC31730.1	44.589	231	126	2	20	249	1747	1976	3.05e-59	213	61.47
Query_14504	KNC31730.1	45.455	77	41	1	20	96	1243	1318	3.17e-11	74.3	67.53
Query_14504	XP_017859834.1	44.589	231	125	3	20	249	32	260	3.20e-59	197	59.74
Query_14504	KXJ71917.1	40.157	254	145	2	3	249	4	257	3.33e-59	197	57.09
Query_14504	XP_014236172.1	43.983	241	131	2	12	249	26	265	3.41e-59	197	59.34
Query_14504	XP_001993216.1	40.486	247	143	3	6	249	31	276	3.65e-59	198	59.51
Query_14504	XP_012283093.1	44.348	230	124	2	23	249	31	259	3.69e-59	197	61.30
Query_14504	ABV60308.1	43.983	241	135	0	9	249	17	257	4.09e-59	197	58.51
Query_14504	XP_317174.2	43.348	233	130	2	18	249	43	274	4.18e-59	197	61.80
Query_14504	KPM34604.1	46.025	239	125	3	9	244	20	257	4.50e-59	197	61.51
Query_14504	XP_013954396.1	46.320	231	117	4	23	248	30	258	4.50e-59	197	60.61
Query_14504	XP_017769450.1	50.000	224	105	5	23	244	45	263	4.83e-59	206	65.18
Query_14504	XP_017769450.1	32.129	249	163	4	1	245	275	521	2.01e-34	140	51.41
Query_14504	OJJ40119.1	39.837	246	143	3	5	245	3	248	4.98e-59	197	61.38
Query_14504	XP_019540373.2	41.975	243	140	1	5	246	7	249	5.03e-59	197	58.85
Query_14504	XP_016994252.1	45.022	231	117	5	23	249	31	255	5.05e-59	197	61.90
Query_14504	KXJ80213.1	41.975	243	140	1	5	246	7	249	5.09e-59	197	58.85
Query_14504	OXU22035.1	44.156	231	124	4	20	249	22	248	5.24e-59	197	58.87
Query_14504	XP_002002576.1	43.460	237	131	3	14	249	26	260	5.33e-59	197	59.07
Query_14504	XP_026316049.1	40.336	238	142	0	8	245	7	244	5.47e-59	197	56.72
Query_14504	PNP50984.1	45.982	224	118	3	23	244	29	251	5.64e-59	197	62.95
Query_14504	XP_016956479.1	42.857	231	130	2	20	249	48	277	5.68e-59	197	61.47
Query_14504	XP_001848607.1	40.726	248	146	1	2	249	18	264	6.28e-59	197	59.27
Query_14504	XP_002037724.1	42.424	231	131	2	20	249	48	277	6.54e-59	197	61.47
Query_14504	ACF72874.2	42.222	225	129	1	23	246	28	252	7.39e-59	196	62.67
Query_14504	XP_015520031.1	50.000	226	109	2	23	245	31	255	7.40e-59	197	62.39
Query_14504	XP_023029381.1	40.426	235	136	3	16	249	16	247	7.52e-59	196	58.72
Query_14504	XP_014605337.1	44.118	238	128	2	12	249	19	251	7.87e-59	196	57.56
Query_14504	XP_011180898.1	44.269	253	126	6	6	247	3	251	9.30e-59	196	58.89
Query_14504	XP_030242765.1	40.693	231	135	2	20	249	47	276	1.06e-58	197	62.77
Query_14504	XP_001846713.1	43.231	229	127	3	21	249	38	263	1.06e-58	196	60.26
Query_14504	XP_017038421.1	39.759	249	148	2	2	249	30	277	1.19e-58	197	59.84
Query_14504	XP_001795961.1	48.402	219	109	3	20	235	34	251	1.19e-58	196	63.93
Query_14504	PSN49653.1	47.577	227	117	1	23	249	253	477	1.22e-58	204	64.76
Query_14504	PSN49653.1	46.117	206	109	1	23	228	35	238	2.82e-49	179	63.59
Query_14504	XP_018149155.1	41.897	253	132	4	2	245	4	250	1.25e-58	196	58.50
Query_14504	AAQ55487.1	45.652	230	117	4	20	249	39	260	1.27e-58	196	62.17
Query_14504	XP_023341659.1	44.681	235	117	6	23	245	37	270	1.27e-58	196	62.98
Query_14504	AAV84264.1	40.000	230	136	1	20	249	25	252	1.29e-58	196	59.57
Query_14504	XP_030383359.1	43.290	231	129	2	20	249	45	274	1.30e-58	196	61.04
Query_14504	XP_017047329.1	41.949	236	135	2	15	249	43	277	1.37e-58	196	61.02
Query_14504	XP_007689198.1	44.348	230	123	3	20	245	28	256	1.52e-58	196	62.17
Query_14504	WP_108076841.1	44.737	228	122	4	23	248	37	262	1.57e-58	196	63.60
Query_14504	XP_018580036.1	44.156	231	125	4	20	249	29	256	1.57e-58	196	61.90
Query_14504	XP_001846195.1	40.598	234	138	1	16	249	34	266	1.59e-58	196	57.26
Query_14504	XP_002063596.1	48.230	226	111	4	20	243	28	249	1.59e-58	196	62.83
Query_14504	ACL37992.1	42.222	225	129	1	23	246	28	252	1.60e-58	196	62.22
Query_14504	XP_019565084.2	41.975	243	140	1	5	246	7	249	1.66e-58	196	58.44
Query_14504	ABC88731.1	53.774	212	96	2	35	245	44	254	1.66e-58	196	65.09
Query_14504	XP_015608945.1	47.391	230	117	2	23	249	34	262	1.73e-58	196	60.00
Query_14504	XP_002065433.1	42.424	231	131	2	20	249	51	280	1.77e-58	196	61.04
Query_14504	XP_016982768.1	42.857	231	130	2	20	249	48	277	1.81e-58	196	61.47
Query_14504	XP_013958833.1	45.536	224	119	3	23	244	29	251	1.82e-58	195	62.95
Query_14504	XP_023295412.1	44.889	225	119	3	20	243	28	248	1.84e-58	196	60.89
Query_14504	ATL73451.1	42.913	254	128	7	5	247	1	248	1.86e-58	195	59.45
Query_14504	XP_002061071.1	44.690	226	119	4	20	243	33	254	1.87e-58	196	64.16
Query_14504	XP_011501547.1	43.154	241	131	5	10	249	7	242	1.91e-58	195	58.51
Query_14504	XP_002088895.2	44.783	230	126	1	20	249	39	267	2.01e-58	196	60.00
Query_14504	XP_020799037.1	42.424	231	131	2	20	249	51	280	2.18e-58	196	61.47
Query_14504	CAL25577.1	45.536	224	119	3	23	244	29	251	2.19e-58	195	62.95
Query_14504	AAQ54604.1	45.652	230	117	4	20	249	39	260	2.26e-58	195	62.17
Query_14504	XP_001993121.1	42.609	230	131	1	20	249	26	254	2.29e-58	195	58.26
Query_14504	XP_012283089.1	43.478	230	126	2	23	249	34	262	2.58e-58	195	60.43
Query_14504	XP_001847028.1	42.478	226	126	3	23	246	35	258	2.59e-58	195	60.62
Query_14504	AAB37261.1	42.795	229	128	3	21	249	38	263	2.61e-58	195	59.83
Query_14504	AAM96942.1	45.690	232	126	0	14	245	22	253	2.82e-58	195	60.34
Query_14504	XP_014370497.1	42.795	229	131	0	17	245	271	499	2.83e-58	202	59.83
Query_14504	XP_014370497.1	44.017	234	131	0	12	245	16	249	1.26e-51	185	58.97
Query_14504	PSN66940.1	47.111	225	113	4	22	244	16	236	2.84e-58	194	61.33
Query_14504	NP_722915.1	41.991	231	132	2	20	249	48	277	2.88e-58	196	61.47
Query_14504	XP_016023300.1	41.991	231	132	2	20	249	48	277	3.01e-58	196	61.47
Query_14504	XP_015513128.1	42.128	235	133	1	18	249	25	259	3.04e-58	202	62.98
Query_14504	XP_015513128.1	41.071	224	131	1	23	245	283	506	1.83e-52	187	61.61
Query_14504	XP_005175958.3	41.379	232	133	3	20	249	33	263	3.20e-58	195	60.34
Query_14504	XP_001961975.1	42.857	231	130	2	20	249	50	279	3.88e-58	195	61.04
Query_14504	XP_001968573.1	41.991	231	132	2	20	249	48	277	3.95e-58	195	61.90
Query_14504	XP_015513141.1	42.544	228	129	2	23	249	36	262	4.21e-58	195	57.89
Query_14504	XP_030752525.1	45.726	234	120	2	23	249	354	587	4.27e-58	209	61.54
Query_14504	XP_030752525.1	44.872	234	122	2	23	249	609	842	3.30e-57	207	59.83
Query_14504	XP_030752525.1	42.194	237	130	2	20	249	40	276	1.12e-50	188	56.12
Query_14504	XP_030752525.1	41.250	240	131	2	20	249	891	1130	1.68e-47	179	52.92
Query_14504	ABL09311.1	43.750	224	123	3	23	245	37	258	4.34e-58	195	62.95
Query_14504	XP_017075022.1	42.424	231	131	2	20	249	48	277	4.35e-58	195	60.61
Query_14504	NP_001285772.1	44.348	230	127	1	20	249	39	267	4.73e-58	195	59.57
Query_14504	KJK74714.1	46.696	227	118	2	21	245	91	316	4.96e-58	196	59.47
Query_14504	XP_019867537.1	44.493	227	124	2	23	249	26	250	4.99e-58	194	59.47
Query_14504	XP_017858695.1	39.394	231	138	2	20	249	46	275	5.15e-58	195	63.20
Query_14504	XP_014236171.2	44.737	228	123	1	23	247	37	264	5.23e-58	194	58.77
Query_14504	XP_021960728.1	48.131	214	106	4	23	234	41	251	5.57e-58	194	62.62
Query_14504	XP_030244388.1	43.043	230	130	1	20	249	32	260	5.61e-58	194	58.70
Query_14504	XP_018333508.2	43.860	228	125	2	23	249	39	264	5.64e-58	202	62.28
Query_14504	XP_018333508.2	43.860	228	125	2	23	249	301	526	3.67e-46	171	55.70
Query_14504	RZR61267.1	45.778	225	114	3	23	245	32	250	5.78e-58	194	60.44
Query_14504	XP_002087837.1	41.991	231	132	2	20	249	48	277	6.16e-58	195	61.04
Query_14504	ACD81799.1	44.348	230	127	1	20	249	35	263	6.20e-58	194	59.57
Query_14504	XP_020802541.1	46.018	226	116	4	20	243	28	249	6.38e-58	194	62.83
Query_14504	XP_023295400.1	46.903	226	114	4	20	243	28	249	6.89e-58	194	61.06
Query_14504	XP_020300249.1	40.756	238	139	2	10	245	7	244	7.17e-58	194	59.24
Query_14504	AAV84259.1	39.419	241	145	1	9	249	14	253	7.32e-58	194	58.09
Query_14504	AAV84261.1	46.392	194	103	1	21	214	33	225	7.49e-58	193	64.43
Query_14504	OPB42272.1	45.089	224	120	3	23	244	29	251	7.55e-58	194	63.39
Query_14504	XP_023304071.1	44.248	226	123	2	20	244	28	251	7.86e-58	194	62.39
Query_14504	XP_002036298.1	44.348	230	127	1	20	249	30	258	8.33e-58	194	59.57
Query_14504	XP_017469624.1	43.307	254	124	5	5	248	20	263	8.66e-58	194	57.48
Query_14504	XP_016925814.1	41.991	231	132	2	20	249	48	277	9.19e-58	194	61.04
Query_14504	XP_018320796.1	42.918	233	130	2	20	249	29	261	9.21e-58	194	59.23
Query_14504	XP_001652944.1	40.574	244	144	1	5	247	7	250	1.01e-57	193	59.43
Query_14504	XP_017461571.1	47.619	231	114	7	19	245	32	259	1.01e-57	194	63.20
Query_14504	XP_020804819.1	41.909	241	139	1	9	249	19	258	1.03e-57	194	58.09
Query_14504	XP_026666907.1	41.228	228	130	2	23	249	24	248	1.05e-57	193	59.65
Query_14504	XP_014482236.1	45.455	231	121	4	23	249	9	238	1.07e-57	193	60.61
Query_14504	XP_008205022.1	43.750	224	123	1	23	243	38	261	1.08e-57	194	59.38
Query_14504	XP_001663898.2	44.493	227	126	0	23	249	42	268	1.09e-57	194	61.67
Query_14504	XP_013168613.1	44.196	224	125	0	20	243	452	675	1.09e-57	204	62.05
Query_14504	XP_013168613.1	43.590	234	132	0	12	245	175	408	1.74e-50	185	59.40
Query_14504	XP_013168613.1	44.681	141	78	0	105	245	1	141	6.46e-31	131	58.87
Query_14504	XP_025832933.1	46.288	229	119	3	23	249	53	279	1.12e-57	194	59.39
Query_14504	XP_018572007.1	43.882	237	128	4	15	249	19	252	1.13e-57	193	60.76
Query_14504	XP_017886295.1	43.983	241	130	3	12	249	23	261	1.17e-57	194	57.68
Query_14504	XP_002003182.1	39.394	231	138	2	20	249	46	275	1.17e-57	194	62.77
Query_14504	XP_017097627.1	42.424	231	131	2	20	249	50	279	1.18e-57	194	61.04
Query_14504	KXJ78808.1	42.857	224	128	0	23	246	5	228	1.20e-57	192	59.38
Query_14504	XP_002049271.1	48.230	226	111	4	20	243	28	249	1.20e-57	193	61.95
Query_14504	EFN81462.1	40.336	238	140	2	10	245	9	246	1.21e-57	193	59.66
Query_14504	XP_018572008.1	43.882	237	128	4	15	249	14	247	1.25e-57	193	60.76
Query_14504	XP_002017741.1	49.115	226	109	4	20	243	28	249	1.28e-57	193	63.72
Query_14504	XP_016024272.1	44.348	230	127	1	20	249	39	267	1.34e-57	194	59.57
Query_14504	XP_017150641.1	46.460	226	115	4	20	243	28	249	1.35e-57	193	62.39
Query_14504	XP_001975764.1	44.444	225	119	4	23	245	34	254	1.48e-57	193	61.33
Query_14504	XP_028139947.1	44.889	225	122	2	23	246	32	255	1.51e-57	193	60.89
Query_14504	ALC39026.1	42.982	228	127	3	20	246	29	254	1.52e-57	195	62.72
Query_14504	XP_002017744.1	46.460	226	115	4	20	243	28	249	1.54e-57	193	62.39
Query_14504	XP_015522429.1	43.089	246	134	5	8	249	11	254	1.63e-57	193	60.98
Query_14504	AAX59050.1	41.803	244	128	6	12	246	20	258	1.64e-57	193	59.84
Query_14504	EAT37858.1	41.778	225	129	2	23	246	40	263	1.68e-57	200	62.22
Query_14504	EAT37858.1	36.771	223	113	4	28	249	264	459	9.00e-42	159	56.50
Query_14504	XP_021922104.1	44.304	237	129	2	14	249	21	255	1.83e-57	193	60.76
Query_14504	XP_015181488.1	43.568	241	129	3	10	249	117	351	2.04e-57	196	58.92
Query_14504	XP_001361563.2	46.460	226	115	4	20	243	51	272	2.04e-57	194	62.39
Query_14504	XP_017004045.1	41.991	231	132	2	20	249	48	277	2.19e-57	193	60.61
Query_14504	XP_016838732.1	43.723	231	128	2	20	249	47	276	2.19e-57	193	58.87
Query_14504	AAT09850.1	40.088	227	133	2	23	248	34	258	2.26e-57	193	63.00
Query_14504	XP_024776337.1	45.089	224	120	3	23	244	29	251	2.28e-57	192	62.50
Query_14504	OPB36132.1	45.887	231	118	4	23	248	30	258	2.31e-57	193	59.31
Query_14504	XP_026497766.1	43.304	224	127	0	20	243	22	245	2.34e-57	193	59.82
Query_14504	XP_001868791.1	45.333	225	123	0	23	247	55	279	2.43e-57	193	63.11
Query_14504	XP_011206512.1	42.918	233	124	2	20	245	29	259	2.57e-57	193	60.09
Query_14504	XP_017769483.1	41.365	249	142	2	4	249	3	250	2.57e-57	192	57.03
Query_14504	XP_016961667.1	41.909	241	139	1	9	249	36	275	2.59e-57	193	58.09
Query_14504	KYQ49853.1	41.453	234	134	2	16	249	8	238	2.62e-57	192	57.69
Query_14504	XP_001652943.1	40.756	238	140	1	11	247	15	252	2.80e-57	192	60.50
Query_14504	AEE61974.1	41.350	237	133	3	19	249	34	270	2.80e-57	193	61.18
Query_14504	XP_017069090.1	50.885	226	105	4	20	243	28	249	2.87e-57	192	64.60
Query_14504	XP_015184231.1	43.348	233	128	2	14	243	25	256	2.96e-57	192	59.23
Query_14504	XP_020710604.1	44.628	242	126	5	15	249	17	257	3.00e-57	192	59.92
Query_14504	XP_017095721.1	44.348	230	127	1	20	249	31	259	3.05e-57	192	59.57
Query_14504	RDW75440.1	45.374	227	120	3	20	243	40	265	3.07e-57	193	61.23
Query_14504	XP_020803124.1	41.909	241	139	1	9	249	19	258	3.13e-57	192	58.09
Query_14504	OXU26121.1	43.443	244	134	2	9	249	40	282	3.58e-57	193	55.74
Query_14504	XP_013186764.1	43.049	223	127	0	23	245	27	249	3.78e-57	192	61.88
Query_14504	KKP04050.1	45.089	224	120	3	23	244	29	251	3.92e-57	192	62.05
Query_14504	XP_017069089.1	46.032	252	119	5	5	243	2	249	4.06e-57	192	61.11
Query_14504	XP_028512044.1	45.175	228	120	3	23	246	37	263	4.18e-57	192	60.53
Query_14504	KAB2105398.1	46.288	229	116	5	23	246	37	263	4.56e-57	192	61.57
Query_14504	XP_015181463.1	44.144	222	122	2	23	243	100	320	4.57e-57	194	60.81
Query_14504	XP_017782895.1	45.217	230	105	2	20	249	25	233	4.68e-57	191	56.96
Query_14504	XP_016973817.1	44.726	237	125	4	11	243	36	270	4.89e-57	192	60.34
Query_14504	XP_023311146.1	43.290	231	127	4	20	249	29	256	5.12e-57	192	62.34
Query_14504	XP_031021448.1	43.498	223	123	3	23	243	34	255	5.91e-57	192	62.78
Query_14504	CAC80694.2	45.455	231	119	4	23	248	30	258	6.06e-57	192	59.74


